--- NLP Pipeline Output (First 20 results) ---
Output file generated at: D:\ADMIN\Documents\Classwork\spark_labs\results\lab17_pipeline_output.txt

================================================================================
Original Text: Beginners BBQ Class Taking Place in Missoula!
Do you want to get better at making delicious BBQ? You...
TF-IDF Vector: (20000,[264,298,673,717,829,1271,1466,1499,1600,2049,2543,2953,3249,3557,4490,4941,5834,6061,6390,6408,6726,6860,7229,7334,7779,7881,8210,8323,8438,8522,9156,9360,9426,11073,11413,11781,12871,12968,13480,13703,14007,14399,14832,15191,15416,15788,15968,16537,16924,16976,17061,17390,17712,18063,18190,18359,18440,18871,18893,18952,19126,19348],[15.85726320059512,2.781620394270129,3.297836866670996,2.9967317738870745,4.200704578213011,5.52246041819533,3.5765502691400166,2.5520459526256287,5.29931686688112,3.219875325201284,3.9485616923690574,4.6061696863211745,2.5649493574615367,5.810142490647111,7.433813941415721,5.810142490647111,5.116995310087166,2.217406897086077,2.0109149793643093,8.401409156426022,4.13616605707544,3.41224721784874,5.52246041819533,1.9599948889370524,1.7612603025017675,5.810142490647111,4.829313237635384,2.749871695955549,3.7732605633860707,3.9130225057612296,2.5780214390288894,2.0034800008767912,2.6206656406336917,2.0034800008767912,5.29931686688112,3.3823942546990593,2.431417964837014,3.6129179133108917,4.711530201979001,3.96431580014878,14.030229590612262,5.29931686688112,3.6129179133108917,3.1710851610318525,4.200704578213011,6.215607598755275,5.810142490647111,1.4406946381800894,4.51085950651685,2.7040621599242547,2.264363880173848,6.215607598755275,1.6255510505772321,3.96431580014878,2.0184056510934667,3.817712325956905,2.8483117687688013,2.3136349291806306,2.6046896861110507,2.8483117687688013,2.6046896861110507,5.116995310087166])
================================================================================

================================================================================
Original Text: Discussion in 'Mac OS X Lion (10.7)' started by axboi87, Jan 20, 2012.
I've got a 500gb internal dri...
TF-IDF Vector: (20000,[406,643,651,1023,1349,1695,1845,1850,1994,2137,2207,2625,2672,2707,2944,2990,3116,3192,3281,3900,4182,4206,4501,4748,4988,4991,5015,5038,5780,6403,6431,6447,7216,7289,7317,7439,7569,7953,8100,8295,8348,9012,9100,9188,9227,9330,9667,9810,10001,10168,10220,10383,10588,10815,10922,10960,11148,11558,11623,11909,11963,12155,12196,12211,12531,12668,12692,12971,13092,13286,13303,13525,13549,13635,13652,13834,13855,13958,14053,14319,14394,14893,14898,14921,15108,15133,15315,15619,15685,15775,15815,15918,16010,16325,16406,16451,16537,16627,16683,16984,17000,17353,18014,18248,18255,18267,18305,18454,18490,18493,19527],[5.52246041819533,5.52246041819533,5.29931686688112,2.1296312862036912,14.451671653243567,2.6046896861110507,23.240569962588445,2.7343675094195836,25.58497655043583,3.353406717825807,3.474767574830074,11.620284981294223,3.7732605633860707,5.004071064101935,3.219875325201284,2.8483117687688013,8.401409156426022,3.147554663621658,4.711530201979001,3.3823942546990593,13.529577018796237,1.9671123567059163,9.442663990864974,2.4428466606606367,2.9769291465908947,5.29931686688112,2.765620052923688,2.0489423749535485,2.689247074139114,1.4156933359746722,3.353406717825807,2.8483117687688013,14.306201076560066,5.52246041819533,4.018383021419056,4.711530201979001,7.728464683183595,2.4428466606606367,5.116995310087166,3.195182712610913,2.765620052923688,2.81441021709312,5.52246041819533,2.765620052923688,4.730919994090433,4.225928467436959,3.8642323415917974,3.817712325956905,2.938462865763099,5.810142490647111,10.233990620174332,3.0801133828261253,4.962844630259907,1.958331271850652,3.353406717825807,3.9058554434279196,21.19726746752448,2.8657035114806706,2.6602595372658615,13.818509058963524,17.430427471941336,2.5649493574615367,2.938462865763099,2.18136696060288,10.147182764097177,5.116995310087166,6.215607598755275,5.116995310087166,4.343805421853684,3.96431580014878,2.7040621599242547,1.3404102755541236,4.711530201979001,1.9529277217139598,2.539306926848199,3.219875325201284,4.962844630259907,2.883403088580071,4.829313237635384,2.172556330920725,3.443018876515494,4.4238481295272205,4.962844630259907,5.29931686688112,3.68987895444702,3.0577148515495223,4.018383021419056,5.993463547774149,2.9014215940827497,8.401409156426022,2.674648274717961,5.29931686688112,2.3654599970452166,33.772922605117444,3.2715104415029477,1.80280930541464,7.203473190900446,4.6061696863211745,1.9320210368946462,16.56738125458599,3.7732605633860707,2.7978809151419095,21.19726746752448,3.5075573976530654,3.96431580014878,2.5020355320509675,4.885693321321273,3.9130225057612296,2.4899141715186226,7.92863160029756,2.932674137586854])
================================================================================

================================================================================
Original Text: Foil plaid lycra and spandex shortall with metallic slinky insets. Attached metallic elastic belt wi...
TF-IDF Vector: (20000,[55,110,717,750,1470,2902,3115,3344,3690,6876,8149,10486,13224,13323,15595,16443,17908,18574,19251,19791,19895,19953],[9.212339372642349,4.829313237635384,2.9967317738870745,1.6776461624606338,5.52246041819533,4.075541435259004,2.155164588208856,1.80280930541464,4.13616605707544,5.29931686688112,4.711530201979001,5.29931686688112,4.075541435259004,5.29931686688112,5.29931686688112,3.3252358408591105,4.711530201979001,5.52246041819533,4.51085950651685,4.962844630259907,4.51085950651685,3.68987895444702])
================================================================================

================================================================================
Original Text: How many backlinks per day for new site?
Discussion in 'Black Hat SEO' started by Omoplata, Dec 3, 2...
TF-IDF Vector: (20000,[298,585,591,761,790,1257,1675,2270,2634,3509,3526,3862,4090,4206,4292,4376,4702,4775,4818,4858,5267,5559,5741,5891,5925,5931,6044,6403,6602,7310,7343,7953,7973,8458,8791,8904,9133,9257,9413,9546,9681,10222,10288,10815,11099,11344,11384,11896,11948,12053,12515,12827,12996,13014,13048,13103,13303,13391,13525,13571,14394,14892,14943,15052,15188,15315,15662,16151,16216,16954,17036,17061,17315,17538,17642,18217,18229,18267,18616,19893,19917],[5.563240788540258,3.393307368277692,5.29931686688112,3.443018876515494,3.9130225057612296,6.215607598755275,4.343805421853684,5.29931686688112,3.195182712610913,2.6320886602991656,2.6320886602991656,4.343805421853684,6.215607598755275,3.9342247134118327,3.0375537684073297,2.9575110607337933,4.269697449699962,4.711530201979001,2.9769291465908947,2.3654599970452166,2.6182953381668295,4.200704578213011,2.9197707327509463,13.373241373589806,2.0412203288596382,3.87788295947844,2.749871695955549,1.4156933359746722,5.1298987149230735,3.8642323415917974,3.297836866670996,2.4428466606606367,2.831217335409501,3.5414589493287463,3.016934481204594,2.0489423749535485,5.114244276715276,4.711530201979001,8.401409156426022,2.689247074139114,5.500742892244181,2.088473213710184,5.499743391911098,0.979165635925326,4.829313237635384,5.810142490647111,3.96431580014878,2.749871695955549,2.8657035114806706,4.962844630259907,3.9130225057612296,2.749871695955549,2.0724728723637424,2.883403088580071,2.303584593327129,8.151082870518009,2.7040621599242547,2.9769291465908947,1.3404102755541236,6.215607598755275,6.886037753030988,1.8461597462882537,2.293634262473961,3.058607177605162,1.5105920777974677,4.018383021419056,4.51085950651685,4.51085950651685,4.6061696863211745,9.423060403958003,4.200704578213011,2.264363880173848,29.050712453235555,3.016934481204594,3.016934481204594,5.29931686688112,2.9197707327509463,2.5020355320509675,3.147554663621658,4.6061696863211745,5.116995310087166])
================================================================================

================================================================================
Original Text: The Denver Board of Education opened the 2017-18 school year with an update on projects that include...
TF-IDF Vector: (20000,[157,298,366,468,477,528,585,717,722,1072,1243,1770,1799,2188,2405,3256,3506,4574,5044,5053,5465,5530,5734,6153,6287,7448,7451,7454,8029,8091,8217,8651,8679,8899,9031,9711,10506,11523,12408,12436,12534,12679,12953,12996,13014,13120,13218,13424,13427,13666,14092,14595,14682,14953,14956,15184,15230,15396,15530,15748,15862,15967,16252,18083,18141,18224,19209,19572],[5.563240788540258,2.781620394270129,5.116995310087166,1.8525089739669125,20.467981240348664,6.886037753030988,1.131102456092564,2.9967317738870745,4.018383021419056,3.147554663621658,2.539306926848199,2.7343675094195836,4.51085950651685,3.8642323415917974,2.5649493574615367,11.04492083639066,2.3761552861619646,2.6046896861110507,3.0801133828261253,5.52246041819533,2.831217335409501,3.1710851610318525,9.97570752257733,6.215607598755275,2.0724728723637424,7.826045011522459,2.749871695955549,3.1710851610318525,12.43121519751055,4.829313237635384,4.668087601623676,9.11266130522199,4.711530201979001,3.6923194925765075,4.829313237635384,4.962844630259907,3.219875325201284,12.498260581587838,3.016934481204594,35.390785036217764,3.730700948967275,2.5780214390288894,2.6602595372658615,4.144945744727485,2.883403088580071,3.443018876515494,2.539306926848199,3.68987895444702,3.6506582412937387,2.454407483061713,2.81441021709312,3.6506582412937387,6.215607598755275,6.490386266371148,4.6061696863211745,28.269181211874006,3.5765502691400166,14.9228037958691,6.215607598755275,3.96431580014878,2.454407483061713,5.104091905251257,3.68987895444702,3.8642323415917974,7.2258358266217835,4.200704578213011,4.962844630259907,14.9228037958691])
================================================================================

================================================================================
Original Text: BANGALORE CY JUNCTION SBC to GONDIA JUNCTION G train timings, routes, stops, and complete info.
As o...
TF-IDF Vector: (20000,[110,992,1896,2549,2620,2979,3756,4218,5360,5617,5931,6602,6980,7974,8048,8527,10266,10288,10782,11270,11320,13278,13644,13860,14279,14791,17534,18843,19832],[4.829313237635384,2.674648274717961,6.215607598755275,5.52246041819533,3.9130225057612296,10.522672192959195,18.646822796265823,6.215607598755275,5.52246041819533,7.826045011522459,1.93894147973922,2.5649493574615367,3.8642323415917974,5.52246041819533,4.711530201979001,4.6061696863211745,2.8483117687688013,8.249615087866648,5.810142490647111,34.86085494388267,3.353406717825807,6.215607598755275,2.539306926848199,5.52246041819533,15.350985930261498,10.62437684798624,3.9130225057612296,3.6506582412937387,6.215607598755275])
================================================================================

================================================================================
Original Text: I thought I was going to finish the 3rd season of the Wire tonight.
But there was a commentary on ep...
TF-IDF Vector: (20000,[749,3389,3401,3491,5038,6487,6578,7412,8273,10055,12309,12358,17464,18431,18458,19878],[5.116995310087166,4.51085950651685,10.59863373376224,5.29931686688112,2.0489423749535485,3.1245651453969594,6.949535149660148,4.200704578213011,2.1465808445174646,2.781620394270129,3.730700948967275,6.204184579089802,3.96431580014878,3.147554663621658,3.443018876515494,3.5075573976530654])
================================================================================

================================================================================
Original Text: The rich get richer and the poor get poorer eh?
Or is it the rich think different and play by a diff...
TF-IDF Vector: (20000,[585,855,2327,3502,3900,3931,4385,4887,6178,7196,7403,7958,8103,9426,9531,10222,10301,10533,11782,11914,12007,12173,12335,13048,13477,14263,14583,15342,16212,16633,16683,17712,18154,19689],[1.131102456092564,1.5664205273504097,3.8642323415917974,3.7732605633860707,3.3823942546990593,4.955875960943814,5.810142490647111,5.116995310087166,5.52246041819533,4.200704578213011,2.7978809151419095,3.41224721784874,29.51903163557616,2.6206656406336917,3.8642323415917974,2.088473213710184,3.68987895444702,2.781620394270129,3.245193133185574,5.52246041819533,3.9130225057612296,2.6602595372658615,10.482852119714018,2.303584593327129,1.9320210368946462,16.15449954590728,5.29931686688112,1.9742808461845287,29.197707327509463,3.058607177605162,3.8640420737892924,1.6255510505772321,2.749871695955549,3.195182712610913])
================================================================================

================================================================================
Original Text: Biomedics 1 Day Extra are daily replacement disposable contact lenses by CooperVision Hydron. Buy on...
TF-IDF Vector: (20000,[666,1128,2719,3143,3445,3563,3783,5255,5727,5931,6378,6581,6647,7334,7922,8132,8282,9133,9776,10080,10135,10288,10310,10325,10359,10815,11611,12662,13190,13792,13825,13852,14303,15678,15873,16024,16053,16368,16494,16537,16703,16828,17314,17846,17922,18437,19545,19838,19907],[15.350985930261498,3.5765502691400166,15.350985930261498,5.810142490647111,3.9130225057612296,5.116995310087166,1.8088883514910221,4.711530201979001,3.96431580014878,7.75576591895688,5.810142490647111,4.018383021419056,2.5020355320509675,1.9599948889370524,4.018383021419056,9.0217190130337,5.810142490647111,6.818992368953701,5.116995310087166,3.016934481204594,5.52246041819533,2.749871695955549,3.0801133828261253,5.116995310087166,4.51085950651685,0.979165635925326,2.155164588208856,3.96431580014878,3.353406717825807,1.0338240484631902,4.13616605707544,11.04492083639066,3.96431580014878,4.4238481295272205,4.829313237635384,3.6506582412937387,2.5780214390288894,9.050803443613782,9.11266130522199,1.4406946381800894,3.2711686195888348,4.200704578213011,6.215607598755275,4.6061696863211745,3.68987895444702,2.431417964837014,2.2837819660309497,6.215607598755275,5.810142490647111])
================================================================================

================================================================================
Original Text: Sysco Corp. has terminated its planned $3.5 billion takeover of US Foods, it announced Monday, after...
TF-IDF Vector: (20000,[22,183,196,258,274,419,573,713,1068,1296,1736,1787,1835,2094,2259,2475,2498,2635,2685,2695,2722,2729,2790,2953,2958,3010,3030,3038,3160,3388,3700,3783,3851,4130,4171,4206,4310,4408,4450,4495,4519,4526,4589,4640,4677,4682,4877,4897,5070,5200,5240,5294,5356,5699,5775,5778,5931,6081,6190,6243,6476,6660,6771,6790,7022,7410,7493,7586,7631,7741,8002,8273,8344,8444,8447,8451,8592,8651,8653,8885,8899,9133,9169,9321,9351,9540,9809,9887,10044,10080,10167,10220,10333,10357,10453,10524,10594,10633,10793,10942,11058,11399,11433,11480,11906,12212,12270,12545,12633,12657,12679,12870,12968,13057,13094,13218,13525,13666,13798,13894,13947,13989,14092,14241,14320,14527,14642,14728,15122,15502,15589,15612,15738,16218,16604,16781,16854,17158,17336,17452,17490,17504,17658,17752,17766,18109,18251,18297,18363,18442,18744,18865,18870,18910,19036,19160,19189,19193,19227,19721],[4.829313237635384,3.817712325956905,3.245193133185574,12.226624305777012,2.4428466606606367,3.6506582412937387,2.765620052923688,6.215607598755275,4.343805421853684,3.443018876515494,4.829313237635384,4.829313237635384,5.116995310087166,7.826045011522459,3.0801133828261253,2.02595285672885,5.810142490647111,3.219875325201284,4.269697449699962,4.711530201979001,3.353406717825807,3.474767574830074,3.41224721784874,4.6061696863211745,2.3548778877146797,2.539306926848199,3.3252358408591105,3.6506582412937387,3.195182712610913,3.96431580014878,4.711530201979001,3.6177767029820442,5.52246041819533,3.8642323415917974,5.29931686688112,5.901337070117749,5.52246041819533,5.29931686688112,6.215607598755275,5.52246041819533,4.018383021419056,3.219875325201284,4.51085950651685,5.29931686688112,5.116995310087166,6.215607598755275,3.817712325956905,2.938462865763099,5.52246041819533,4.51085950651685,5.810142490647111,9.658626475270768,3.0801133828261253,4.51085950651685,3.5075573976530654,5.766806177160142,3.87788295947844,4.962844630259907,5.810142490647111,8.539394899399923,4.200704578213011,9.228700507125346,3.8642323415917974,5.52246041819533,2.1296312862036912,4.829313237635384,3.817712325956905,8.401409156426022,3.41224721784874,3.085557528586738,3.1710851610318525,2.1465808445174646,2.7040621599242547,3.6506582412937387,4.711530201979001,2.8657035114806706,17.86157487954537,6.075107536814659,2.6182953381668295,74.5872911850633,3.6923194925765075,1.7047480922384253,2.9014215940827497,13.031416265561052,2.8483117687688013,10.329056629546482,4.200704578213011,2.5020355320509675,2.0412203288596382,3.016934481204594,5.810142490647111,15.350985930261498,3.9130225057612296,7.826045011522459,2.274025791085585,1.6992686264737997,2.3444065878473843,8.036766042838112,7.015114795306131,4.509588858315395,2.719100037288795,5.810142490647111,5.802843188165499,2.5143056246427817,5.29931686688112,5.116995310087166,6.949535149660148,5.116995310087166,5.29931686688112,5.408124319848509,2.5780214390288894,5.802843188165499,3.6129179133108917,2.4201184095830808,5.810142490647111,2.539306926848199,1.3404102755541236,2.454407483061713,8.036766042838112,15.350985930261498,4.979828343037245,1.8525089739669125,2.81441021709312,3.443018876515494,4.327645301903941,2.883403088580071,5.116995310087166,3.2715104415029477,2.2453156852031535,4.200704578213011,2.81441021709312,4.075541435259004,6.215607598755275,10.233990620174332,3.730700948967275,5.810142490647111,10.72965080742005,4.269697449699962,5.29931686688112,4.711530201979001,4.711530201979001,3.3252358408591105,3.5765502691400166,7.46140189793455,2.4089451089849554,4.075541435259004,5.116995310087166,4.2761403096991115,5.810142490647111,1.6255510505772321,4.4238481295272205,3.0801133828261253,6.215607598755275,7.0829178986574926,4.962844630259907,1.5857448001768124,2.5020355320509675,4.018383021419056,4.6061696863211745,4.829313237635384])
================================================================================

================================================================================
Original Text: Pencarian FILM Untuk "Peace Breaker 2017"
yuk mampir ke channel say..
Edges East provides the l..
A ...
TF-IDF Vector: (20000,[165,668,935,1239,4592,4866,4877,4928,5003,6576,6622,8252,9540,9699,9853,10278,10533,10652,10702,10815,11146,11152,11575,14391,14826,15353,15862,16298,16375,16555,16697,17038,17595,17883],[6.215607598755275,3.3252358408591105,5.52246041819533,2.646074902273905,4.343805421853684,5.810142490647111,3.817712325956905,2.3136349291806306,3.474767574830074,3.6506582412937387,4.269697449699962,3.474767574830074,3.443018876515494,6.215607598755275,2.2082744135228043,5.810142490647111,2.781620394270129,4.829313237635384,3.730700948967275,0.979165635925326,4.711530201979001,2.0034800008767912,4.018383021419056,5.810142490647111,6.764788509398119,11.620284981294223,2.454407483061713,5.29931686688112,5.29931686688112,4.6061696863211745,11.89294740044634,5.810142490647111,5.29931686688112,3.6129179133108917])
================================================================================

================================================================================
Original Text: Below you'll find some great videos that will encourage you, train you and build you up in hearing f...
TF-IDF Vector: (20000,[313,585,750,841,992,1023,1117,1472,1499,1929,2355,2402,2543,3035,3036,3056,3443,3609,3611,3862,4089,4510,4548,4563,4674,4842,5192,5271,5617,5758,6123,6142,6229,6660,7386,7595,7690,7829,8073,8438,8457,8596,9275,9391,9426,9579,9704,9806,9826,10234,10260,10357,10496,10798,11073,11209,11548,11611,11702,11762,11921,11967,12449,12569,12627,12697,13014,13131,13287,13477,13496,13530,14007,14260,14693,14762,15529,15855,15967,16328,16397,16449,16487,17460,17510,17758,17963,18133,18267,18380,18393,19347,19428,19459,19938],[2.9769291465908947,1.131102456092564,1.6776461624606338,2.831217335409501,2.674648274717961,2.1296312862036912,3.68987895444702,4.13616605707544,2.5520459526256287,3.5414589493287463,19.821579000743903,5.993463547774149,3.9485616923690574,5.52246041819533,6.215607598755275,2.781620394270129,3.195182712610913,3.016934481204594,3.195182712610913,4.343805421853684,4.51085950651685,9.658626475270768,4.343805421853684,4.13616605707544,2.9197707327509463,3.3252358408591105,4.075541435259004,5.29931686688112,3.9130225057612296,5.29931686688112,2.81441021709312,9.97570752257733,8.687610843707368,1.5381167511875578,4.200704578213011,4.343805421853684,3.9130225057612296,4.343805421853684,3.5414589493287463,7.5465211267721415,5.810142490647111,4.711530201979001,2.3444065878473843,1.5955488002734333,1.3103328203168458,5.29931686688112,4.6061696863211745,2.1992245780028865,2.2082744135228043,6.706813435651614,4.4238481295272205,3.9130225057612296,4.200704578213011,4.269697449699962,2.0034800008767912,2.9014215940827497,10.233990620174332,2.155164588208856,5.116995310087166,3.41224721784874,7.3013164825874775,2.2082744135228043,5.116995310087166,2.646074902273905,4.269697449699962,3.817712325956905,2.883403088580071,2.883403088580071,16.302165741036017,3.8640420737892924,2.1380701548495558,3.5075573976530654,3.5075573976530654,3.3823942546990593,2.3978952727983707,4.962844630259907,26.062832531122105,4.13616605707544,2.5520459526256287,7.926004376632063,4.711530201979001,5.662434670819002,2.7978809151419095,2.064567692856629,1.6617307071547345,5.52246041819533,3.0801133828261253,4.269697449699962,2.5020355320509675,4.51085950651685,12.055149064257169,1.6255510505772321,2.5649493574615367,11.620284981294223,6.215607598755275])
================================================================================

================================================================================
Original Text: "Unemployment, Relative Price Dispersion and the Implicit Contract Model."
"The Federal Reserve&apos...
TF-IDF Vector: (20000,[2,8,132,454,647,674,725,735,953,1236,1262,1296,1721,1738,2370,3853,4611,4763,4916,5850,6369,6552,6906,7026,7102,7463,7689,7692,7948,8040,8152,8657,8813,9179,9520,9611,9969,10070,10352,10572,10577,10633,11040,11125,11751,12275,12500,12657,12724,12829,12832,13440,13871,14260,14728,15201,15392,15513,15566,16342,16349,16394,16638,17252,17547,17910,19701,19753],[4.711530201979001,4.829313237635384,2.9769291465908947,11.89294740044634,4.711530201979001,4.711530201979001,4.711530201979001,4.269697449699962,5.29931686688112,18.646822796265823,10.233990620174332,10.329056629546482,19.821579000743903,3.0375537684073297,4.51085950651685,5.810142490647111,4.51085950651685,4.51085950651685,29.777067781559442,3.195182712610913,6.215607598755275,11.04492083639066,3.96431580014878,4.711530201979001,3.443018876515494,13.031416265561052,4.018383021419056,3.6129179133108917,5.52246041819533,2.431417964837014,5.52246041819533,9.212339372642349,4.13616605707544,3.68987895444702,5.29931686688112,5.810142490647111,4.343805421853684,3.0375537684073297,4.13616605707544,5.116995310087166,5.810142490647111,4.018383021419056,4.6061696863211745,4.269697449699962,3.6506582412937387,3.9130225057612296,4.51085950651685,2.7040621599242547,32.98071141385301,5.29931686688112,5.810142490647111,20.848605448980443,3.8642323415917974,3.3823942546990593,1.6357552207514738,5.29931686688112,10.233990620174332,5.29931686688112,3.297836866670996,2.4899141715186226,7.92863160029756,3.817712325956905,4.6061696863211745,4.269697449699962,11.620284981294223,14.598853663754731,3.443018876515494,2.9769291465908947])
================================================================================

================================================================================
Original Text: I have existing web site brittlloyd.org. I opened a new domain sayrebuildersrockport.com however I d...
TF-IDF Vector: (20000,[585,855,1807,3330,4000,4928,5852,5891,6778,7371,9391,10223,10744,10815,10911,11404,12342,12996,13424,14075,14349,15133,15354,16586,17005,17211,17538,17712,18721,18728],[3.393307368277692,1.5664205273504097,2.477937980471907,1.235431512143728,3.5414589493287463,2.3136349291806306,2.6602595372658615,8.023944824153883,5.116995310087166,3.6506582412937387,1.5955488002734333,3.8642323415917974,5.52246041819533,0.979165635925326,2.0109149793643093,2.3761552861619646,2.831217335409501,2.0724728723637424,3.68987895444702,5.810142490647111,5.468735018839167,1.5288574257747611,3.0302544659257182,3.058607177605162,5.810142490647111,2.9769291465908947,6.033868962409188,1.6255510505772321,5.29931686688112,2.8657035114806706])
================================================================================

================================================================================
Original Text: Embrace world class facilities at East Bourne Resort & Spa Shimla. Facilities at East Bourne Resort ...
TF-IDF Vector: (20000,[129,1522,6576,6687,8082,8444,9360,10053,10959,11087,12059,13193,13297,13892,14007,16328,18681,19518],[3.8642323415917974,4.711530201979001,10.951974723881216,5.29931686688112,3.6506582412937387,10.951974723881216,2.0034800008767912,4.269697449699962,6.215607598755275,4.711530201979001,8.650209265740214,12.602113734639033,15.897950600643359,11.319781690158212,3.5075573976530654,5.944503282474047,3.2711686195888348,3.9130225057612296])
================================================================================

================================================================================
Original Text: "Bake me a pie or go away," I've literally had my son say that to me a few times. So, what was I to ...
TF-IDF Vector: (20000,[29,45,150,196,270,328,399,494,544,614,635,678,717,760,855,1021,1072,1182,1184,1231,1243,1267,1295,1349,1382,1463,1472,1565,1580,1590,1699,1702,1720,1807,1863,1872,1892,1919,1989,2012,2065,2114,2137,2200,2258,2328,2349,2353,2367,2368,2379,2383,2385,2386,2402,2424,2436,2443,2500,2543,2572,2583,2597,2620,2635,2645,2866,2883,2902,2907,2909,2927,2944,3068,3112,3136,3182,3231,3330,3344,3370,3385,3401,3415,3437,3489,3494,3506,3509,3526,3527,3634,3666,3791,3857,3901,3920,3922,3924,3948,4018,4043,4062,4112,4176,4229,4253,4292,4293,4322,4325,4465,4490,4501,4520,4526,4547,4672,4748,4772,4792,4804,4830,4835,4897,4958,4986,5038,5067,5078,5125,5226,5229,5354,5356,5386,5465,5612,5727,5740,5743,5845,5871,5925,6015,6044,6055,6056,6103,6112,6155,6168,6287,6296,6318,6344,6348,6355,6403,6415,6442,6447,6466,6491,6494,6501,6507,6547,6600,6660,6760,6761,6769,6940,7022,7215,7270,7281,7334,7343,7345,7448,7533,7569,7587,7650,7695,7709,7741,7751,7779,7786,7791,7866,7939,8015,8022,8040,8160,8166,8185,8198,8242,8273,8293,8312,8323,8343,8430,8442,8519,8522,8536,8552,8567,8592,8593,8609,8653,8673,8677,8740,8787,8824,8835,8873,8889,8904,8946,9046,9064,9092,9116,9133,9156,9188,9200,9212,9224,9227,9271,9311,9351,9360,9372,9391,9420,9426,9445,9546,9576,9594,9605,9661,9693,9755,9758,9772,9806,9832,9851,9853,9939,9943,10004,10007,10042,10044,10080,10133,10135,10157,10209,10222,10266,10281,10309,10426,10436,10447,10462,10486,10524,10533,10557,10560,10576,10578,10584,10588,10664,10668,10702,10715,10719,10756,10757,10763,10798,10815,10831,10877,10911,10942,10960,11086,11143,11158,11166,11195,11273,11312,11472,11473,11480,11487,11590,11623,11653,11662,11698,11790,11818,11821,11864,11896,11939,11948,11959,11964,11967,12001,12067,12092,12116,12196,12198,12211,12213,12226,12300,12301,12335,12336,12350,12369,12390,12442,12539,12550,12569,12588,12630,12649,12662,12665,12737,12801,12835,12910,12913,12926,12943,12996,13048,13144,13147,13152,13184,13218,13239,13286,13303,13314,13365,13373,13391,13423,13427,13482,13497,13525,13635,13636,13644,13737,13792,13798,13825,13850,13871,13874,13919,13921,13975,13983,13988,13989,14016,14019,14074,14081,14090,14116,14158,14224,14232,14263,14283,14320,14418,14483,14517,14595,14623,14692,14693,14694,14728,14926,14943,14953,15096,15113,15133,15188,15197,15247,15281,15286,15328,15342,15344,15363,15376,15409,15416,15434,15505,15587,15589,15619,15621,15649,15656,15665,15749,15798,15824,15843,15862,15878,15937,15958,15973,15974,16000,16010,16038,16053,16102,16166,16197,16212,16280,16282,16344,16368,16406,16414,16417,16451,16489,16494,16537,16547,16567,16595,16616,16625,16683,16749,16803,16834,16855,16873,16915,16932,16934,16959,16968,17034,17111,17161,17250,17333,17372,17407,17411,17425,17460,17467,17510,17545,17626,17642,17712,17723,17731,17889,18100,18154,18157,18228,18272,18305,18346,18442,18447,18449,18482,18505,18527,18552,18684,18728,18852,18861,18865,18871,18966,18976,19005,19017,19042,19134,19263,19288,19347,19350,19432,19515,19688,19891,19895,19950],[4.962844630259907,3.5765502691400166,4.711530201979001,3.245193133185574,3.7732605633860707,3.96431580014878,3.1245651453969594,2.6182953381668295,6.215607598755275,4.711530201979001,5.810142490647111,4.51085950651685,8.990195321661224,4.8402368191661616,3.1328410547008194,15.897950600643359,3.147554663621658,2.938462865763099,5.116995310087166,3.353406717825807,2.539306926848199,12.602113734639033,3.0375537684073297,3.6129179133108917,4.13616605707544,4.13616605707544,24.81699634245264,13.53257851955055,12.602113734639033,5.29931686688112,7.153100538280033,13.899070299320297,8.344861182810387,2.477937980471907,9.423060403958003,4.829313237635384,4.018383021419056,8.401409156426022,10.473181352667318,3.3823942546990593,4.962844630259907,2.831217335409501,3.353406717825807,5.810142490647111,15.350985930261498,3.41224721784874,3.730700948967275,3.058607177605162,3.5414589493287463,3.730700948967275,8.401409156426022,3.9130225057612296,5.29931686688112,5.810142490647111,5.993463547774149,6.215607598755275,5.116995310087166,15.85726320059512,20.47348330709244,1.9742808461845287,8.27233211415088,10.59863373376224,4.200704578213011,3.9130225057612296,3.219875325201284,3.96431580014878,3.353406717825807,4.075541435259004,4.075541435259004,7.2258358266217835,22.13927372668212,5.810142490647111,3.219875325201284,4.962844630259907,3.41224721784874,2.9197707327509463,28.65158654722156,25.961545065484593,3.706294536431184,14.42247444331712,8.296860158771064,2.5520459526256287,5.29931686688112,4.018383021419056,3.3823942546990593,8.401409156426022,4.6061696863211745,2.3761552861619646,2.6320886602991656,5.264177320598331,4.13616605707544,3.195182712610913,4.51085950651685,35.390785036217764,12.760229763128144,2.6182953381668295,3.3252358408591105,2.6602595372658615,11.468171312369806,5.116995310087166,4.343805421853684,2.0567245153956035,31.078037993776377,1.93894147973922,14.134590605937003,4.343805421853684,10.329056629546482,12.150215073629319,3.2711686195888348,3.3252358408591105,4.711530201979001,8.401409156426022,2.477937980471907,9.442663990864974,6.249130290793919,3.219875325201284,3.68987895444702,9.0217190130337,4.885693321321273,3.7732605633860707,26.543088777163323,9.893510600012988,3.474767574830074,2.6602595372658615,5.876925731526198,4.829313237635384,5.29931686688112,4.097884749907097,4.51085950651685,10.233990620174332,2.6046896861110507,3.68987895444702,5.810142490647111,5.52246041819533,3.0801133828261253,5.52246041819533,2.831217335409501,3.0801133828261253,7.92863160029756,9.175821532815487,3.5765502691400166,5.52246041819533,2.646074902273905,2.0412203288596382,3.6129179133108917,2.749871695955549,3.730700948967275,8.493652006228503,2.6602595372658615,5.810142490647111,4.51085950651685,13.42116929968507,6.217418617091227,5.52246041819533,4.829313237635384,4.51085950651685,3.5414589493287463,2.81441021709312,1.4156933359746722,5.29931686688112,24.790212645301224,5.696623537537603,5.29931686688112,3.96431580014878,16.073532085676224,3.1245651453969594,5.29931686688112,22.119240647636104,3.3823942546990593,3.0762335023751155,6.949535149660148,9.212339372642349,4.829313237635384,5.004071064101935,2.1296312862036912,5.349296549435922,3.0801133828261253,11.453136977870715,1.9599948889370524,3.297836866670996,13.529577018796237,3.9130225057612296,4.6061696863211745,11.592697024775392,3.9130225057612296,2.274025791085585,3.3252358408591105,4.711530201979001,10.799451350053584,5.52246041819533,5.283780907505302,5.52246041819533,3.147554663621658,6.764788509398119,2.749871695955549,56.28694841095883,14.888533890779721,2.431417964837014,5.810142490647111,2.0724728723637424,9.813505858766504,5.116995310087166,19.317252950541537,2.1465808445174646,3.7732605633860707,2.3869662022661804,5.499743391911098,10.522672192959195,8.983834954793387,4.075541435259004,2.303584593327129,3.9130225057612296,4.4238481295272205,3.245193133185574,2.938462865763099,2.9769291465908947,4.711530201979001,8.597110534442011,7.854886014500488,3.147554663621658,5.52246041819533,1.9048084733697614,3.68987895444702,2.938462865763099,4.4238481295272205,3.5765502691400166,12.602113734639033,2.0489423749535485,2.9014215940827497,5.810142490647111,4.962844630259907,7.5465211267721415,4.018383021419056,1.7047480922384253,5.156042878057779,2.765620052923688,5.52246041819533,3.474767574830074,3.245193133185574,2.3654599970452166,10.59863373376224,4.13616605707544,2.8483117687688013,4.0069600017535825,5.52246041819533,1.5955488002734333,4.711530201979001,1.3103328203168458,4.343805421853684,2.689247074139114,6.706813435651614,2.0804410420129194,2.0034800008767912,6.033868962409188,6.295109327243316,5.731407022961341,4.711530201979001,2.9014215940827497,8.796898312011546,3.5414589493287463,4.13616605707544,4.416548827045609,7.4613186495838955,4.51085950651685,11.04492083639066,2.466103522824904,5.29931686688112,4.0824406577192764,3.016934481204594,4.200704578213011,115.97166878210191,5.376937487970109,3.9130225057612296,14.619312495971286,2.8483117687688013,2.1992245780028865,2.5020355320509675,15.85726320059512,4.962844630259907,7.814069058333152,5.810142490647111,5.29931686688112,3.3985372529475995,2.781620394270129,5.378494148278228,2.9575110607337933,4.13616605707544,4.711530201979001,5.116995310087166,24.814223151299537,4.200704578213011,4.4238481295272205,11.192102846901825,102.47273879279908,4.018383021419056,7.015114795306131,4.829313237635384,3.2308999091814563,12.809092349099885,6.854159451477282,4.962844630259907,3.7732605633860707,6.032744938092928,2.2547944291576973,1.9529277217139598,2.9197707327509463,3.443018876515494,4.200704578213011,5.116995310087166,2.7343675094195836,2.9014215940827497,3.0375537684073297,30.96693690669054,6.764788509398119,2.5143056246427817,3.353406717825807,2.104733734581964,2.6602595372658615,2.81441021709312,2.6320886602991656,3.058607177605162,3.60561861082928,3.2711686195888348,10.322838464283146,3.96431580014878,2.749871695955549,4.4238481295272205,5.731407022961341,18.101606887227565,1.9115425055511055,4.416548827045609,5.116995310087166,3.68987895444702,9.0217190130337,4.0824406577192764,5.876925731526198,3.0801133828261253,2.18136696060288,4.075541435259004,4.269697449699962,7.3013164825874775,4.269697449699962,6.28971127182841,3.5414589493287463,4.6061696863211745,3.7732605633860707,3.5414589493287463,5.810142490647111,5.29931686688112,24.14656618817692,2.646074902273905,6.439750650402568,4.829313237635384,5.810142490647111,7.92863160029756,4.075541435259004,9.306276868634702,4.711530201979001,13.818509058963524,8.687610843707368,2.4089451089849554,7.015114795306131,9.212339372642349,2.0724728723637424,6.910753779981388,6.160226765652251,3.443018876515494,4.269697449699962,5.468735018839167,2.539306926848199,4.4238481295272205,3.96431580014878,2.7040621599242547,4.711530201979001,8.990195321661224,3.1710851610318525,8.930787439772685,5.468735018839167,43.807898895524865,3.9130225057612296,2.674648274717961,8.042461653324741,1.9529277217139598,3.3823942546990593,2.539306926848199,2.334043800811838,5.169120242315951,16.073532085676224,20.680830285377198,5.29931686688112,3.8642323415917974,6.215607598755275,9.240340148478376,7.153100538280033,3.68987895444702,5.116995310087166,8.539394899399923,1.8525089739669125,3.2711686195888348,2.3869662022661804,4.51085950651685,5.52246041819533,5.810142490647111,3.6129179133108917,7.656137857876886,2.9575110607337933,2.18136696060288,6.461799818362913,3.68987895444702,2.1638226509519707,3.7732605633860707,8.401409156426022,5.810142490647111,3.6506582412937387,4.343805421853684,9.925689260519814,2.3978952727983707,4.6061696863211745,9.814531324508843,5.29931686688112,6.880902787421883,9.735579399556723,4.829313237635384,3.96431580014878,4.586572277324283,3.0211841555949355,3.297836866670996,3.5414589493287463,5.116995310087166,2.9769291465908947,4.0069600017535825,47.38274030842869,7.37975790889404,11.319781690158212,9.423060403958003,3.6506582412937387,8.401409156426022,3.6506582412937387,3.1710851610318525,4.075541435259004,5.62882043418624,5.993463547774149,2.7040621599242547,2.2547944291576973,5.116995310087166,11.618936503223242,4.51085950651685,3.7732605633860707,4.829313237635384,4.51085950651685,4.908814966123426,4.829313237635384,5.116995310087166,2.719100037288795,17.430427471941336,2.431417964837014,2.6182953381668295,4.730919994090433,5.52246041819533,5.156042878057779,4.962844630259907,3.3252358408591105,3.8640420737892924,5.839541465501893,4.200704578213011,5.499743391911098,2.7978809151419095,3.016934481204594,9.814531324508843,14.9228037958691,3.9130225057612296,3.60561861082928,3.1245651453969594,3.0375537684073297,8.644167829080537,3.9130225057612296,8.27233211415088,4.51085950651685,9.659625975603852,3.96431580014878,5.796063110683939,5.52246041819533,3.195182712610913,5.116995310087166,2.7978809151419095,4.343805421853684,5.52246041819533,3.6506582412937387,7.826045011522459,9.0217190130337,3.3823942546990593,4.962844630259907,2.749871695955549,29.777067781559442,4.829313237635384,3.9130225057612296,3.1710851610318525,3.219875325201284,4.829313237635384,4.269697449699962,2.064567692856629,5.116995310087166,6.646922828618938,4.4238481295272205,15.350985930261498,12.067737924818376,3.2511021011544643,3.2711686195888348,5.116995310087166,4.51085950651685,4.269697449699962,2.749871695955549,4.586813586140175,3.68987895444702,5.29931686688112,2.4428466606606367,9.925689260519814,3.2511021011544643,10.233990620174332,6.117214355210324,3.817712325956905,12.809092349099885,38.634505901083074,3.9130225057612296,10.59863373376224,8.597110534442011,5.378494148278228,5.810142490647111,3.0801133828261253,4.627269858361261,4.962844630259907,6.117214355210324,5.52246041819533,7.46140189793455,4.6061696863211745,5.52246041819533,2.6602595372658615,2.8657035114806706,1.6255510505772321,4.018383021419056,2.7040621599242547,4.51085950651685,6.342170322063705,5.116995310087166,4.51085950651685,9.813505858766504])
================================================================================

================================================================================
Original Text: Are film trailers spoiling movies?
In April we asked if high ticket prices were ruining your visits ...
TF-IDF Vector: (20000,[87,167,401,468,495,528,543,585,717,790,795,823,1017,1020,1106,1181,1208,1212,1233,1434,1457,1479,1503,1695,1702,1708,1716,1770,1798,1802,1853,1929,2007,2087,2094,2164,2193,2275,2423,2475,2481,2511,2641,2645,2716,2913,3100,3115,3269,3330,3519,3610,3975,4043,4112,4288,4293,4314,4585,4792,4842,4858,4867,4985,5003,5034,5038,5044,5178,5187,5304,5401,5450,5536,5594,5700,5734,6103,6168,6289,6303,6315,6390,6404,6447,6450,6610,6634,6923,6925,6941,6979,7035,7120,7178,7238,7243,7334,7421,7650,7690,7702,7741,7779,7791,7816,7867,7920,8132,8166,8173,8184,8217,8284,8294,8315,8415,8552,8597,8619,8641,8669,8673,8784,8791,8824,8960,9081,9133,9286,9352,9360,9371,9426,9546,9624,9673,9679,9694,9704,9806,9822,9826,9830,10007,10008,10044,10066,10070,10228,10346,10453,10524,10646,10664,10666,10763,10775,10817,10911,11058,11106,11209,11388,11439,11480,11584,11590,11662,11698,11725,11780,11936,11964,11971,12024,12059,12116,12198,12211,12246,12275,12280,12335,12336,12432,12436,12569,12616,12641,12696,12708,12826,12837,12848,12996,13009,13015,13048,13057,13079,13131,13152,13193,13210,13222,13270,13304,13305,13330,13377,13384,13406,13558,13621,13635,13712,13792,13886,13891,13942,13989,14158,14260,14282,14320,14326,14330,14349,14527,14644,14693,14728,14892,14934,14938,15110,15141,15301,15303,15354,15428,15627,15667,15800,15869,15995,16010,16053,16095,16146,16212,16323,16406,16487,16537,16598,16633,16654,16703,16735,16850,16855,16934,16958,17034,17094,17123,17232,17497,17629,17712,17748,18081,18154,18157,18264,18268,18297,18325,18713,18729,18758,18871,19424,19430,19494,19950],[4.711530201979001,8.687610843707368,4.343805421853684,1.8525089739669125,3.058607177605162,3.443018876515494,6.215607598755275,3.393307368277692,2.9967317738870745,3.9130225057612296,9.423060403958003,2.883403088580071,5.29931686688112,2.8657035114806706,14.487939712906153,3.817712325956905,2.8657035114806706,9.423060403958003,3.195182712610913,3.245193133185574,18.646822796265823,5.52246041819533,6.215607598755275,2.6046896861110507,3.474767574830074,6.5423372391776695,3.5765502691400166,2.7343675094195836,4.018383021419056,4.6061696863211745,5.953858293181789,10.62437684798624,3.7732605633860707,5.116995310087166,3.9130225057612296,3.443018876515494,3.1245651453969594,3.68987895444702,5.810142490647111,2.02595285672885,3.353406717825807,4.4238481295272205,6.215607598755275,3.96431580014878,3.245193133185574,5.662434670819002,3.7732605633860707,4.310329176417712,3.9130225057612296,3.706294536431184,6.390365425221826,4.829313237635384,3.245193133185574,2.0567245153956035,3.87788295947844,3.41224721784874,3.2711686195888348,4.51085950651685,4.829313237635384,4.4238481295272205,3.3252358408591105,2.3654599970452166,3.7732605633860707,4.343805421853684,48.646746047621036,5.953858293181789,2.0489423749535485,3.0801133828261253,5.29931686688112,3.5414589493287463,3.3252358408591105,6.82449443569748,5.810142490647111,6.886037753030988,2.689247074139114,4.711530201979001,3.3252358408591105,2.6602595372658615,3.3552923249212676,5.116995310087166,6.215607598755275,3.8642323415917974,2.0109149793643093,3.3823942546990593,5.696623537537603,3.1245651453969594,3.9130225057612296,5.52246041819533,7.2258358266217835,3.6129179133108917,3.7732605633860707,34.86085494388267,4.711530201979001,5.116995310087166,4.6061696863211745,6.215607598755275,9.658626475270768,1.9599948889370524,4.711530201979001,2.274025791085585,3.9130225057612296,3.1710851610318525,3.085557528586738,1.7612603025017675,6.295109327243316,5.52246041819533,3.353406717825807,3.147554663621658,4.51085950651685,2.0724728723637424,2.7040621599242547,5.810142490647111,2.334043800811838,9.423060403958003,6.215607598755275,4.6061696863211745,4.018383021419056,3.245193133185574,3.147554663621658,6.033868962409188,5.29931686688112,4.075541435259004,3.147554663621658,4.51085950651685,3.016934481204594,2.938462865763099,5.52246041819533,3.9130225057612296,1.7047480922384253,2.938462865763099,6.490386266371148,2.0034800008767912,5.349296549435922,1.3103328203168458,8.067741222417341,48.29313237635384,3.443018876515494,3.297836866670996,5.116995310087166,4.6061696863211745,2.1992245780028865,4.51085950651685,6.624823240568412,4.13616605707544,2.466103522824904,4.6061696863211745,6.123660986578915,5.810142490647111,3.0375537684073297,2.3548778877146797,2.9014215940827497,2.274025791085585,3.3985372529475995,6.215607598755275,4.200704578213011,3.016934481204594,1.6154499545907282,3.0375537684073297,8.023944824153883,2.0109149793643093,2.719100037288795,5.810142490647111,2.9014215940827497,3.102092289544901,3.7732605633860707,2.5143056246427817,4.13616605707544,4.209467469163928,2.6320886602991656,3.058607177605162,6.595673733341992,3.0801133828261253,12.809092349099885,3.823085011102211,5.810142490647111,17.078789798799846,2.883403088580071,2.0412203288596382,3.0801133828261253,8.72546784241152,2.883403088580071,3.9130225057612296,3.8642323415917974,4.193140847885607,3.5414589493287463,4.6061696863211745,4.4238481295272205,2.646074902273905,5.563240788540258,5.52246041819533,4.075541435259004,6.490386266371148,4.343805421853684,2.9575110607337933,4.829313237635384,2.0724728723637424,4.13616605707544,4.343805421853684,2.303584593327129,2.4201184095830808,3.1710851610318525,2.883403088580071,4.269697449699962,21.003522891065053,5.810142490647111,4.829313237635384,3.730700948967275,2.5020355320509675,4.962844630259907,5.29931686688112,3.3823942546990593,4.018383021419056,2.4089451089849554,5.29931686688112,5.29931686688112,5.85878316514188,4.0824406577192764,1.0338240484631902,3.9130225057612296,10.838753739932676,7.0829178986574926,1.8525089739669125,2.5520459526256287,3.3823942546990593,4.51085950651685,6.491467952855912,4.075541435259004,6.215607598755275,2.7343675094195836,2.883403088580071,3.102092289544901,2.3978952727983707,3.2715104415029477,1.8461597462882537,4.018383021419056,3.6506582412937387,5.29931686688112,4.13616605707544,3.5414589493287463,3.297836866670996,6.0605089318514365,7.0829178986574926,5.29931686688112,4.4238481295272205,10.59863373376224,2.938462865763099,5.29931686688112,4.730919994090433,2.5780214390288894,5.810142490647111,5.29931686688112,2.9197707327509463,2.646074902273905,4.907265662254422,2.7978809151419095,1.4406946381800894,5.52246041819533,3.058607177605162,4.51085950651685,3.2711686195888348,2.9575110607337933,4.13616605707544,2.7978809151419095,3.9130225057612296,6.215607598755275,4.962844630259907,5.810142490647111,3.5075573976530654,4.829313237635384,4.343805421853684,4.269697449699962,1.6255510505772321,5.29931686688112,5.810142490647111,2.749871695955549,2.2934067930700874,3.817712325956905,2.689247074139114,4.2761403096991115,4.269697449699962,4.018383021419056,4.962844630259907,3.102092289544901,4.627269858361261,4.269697449699962,3.6129179133108917,5.116995310087166,6.5423372391776695])
================================================================================

================================================================================
Original Text: UNStudio has joined forces with HPP Architects to create a consortium (UNS + HPP) to carry out the n...
TF-IDF Vector: (20000,[88,107,585,734,855,873,992,1242,1243,1307,1311,1317,1422,1499,1606,1770,1830,2012,2030,2126,2575,2612,2851,2869,2888,2889,2923,3083,3355,3506,3556,3560,3660,3761,3922,4106,4224,4307,4776,4804,4830,5071,5200,5267,5402,5500,5783,5852,5891,5980,6061,6475,6487,6576,7210,7228,7334,7371,7403,7440,7457,7488,7741,8049,8168,8202,8273,8312,8344,8430,8444,8447,8451,8824,8872,9048,9085,9234,9593,9676,9848,9939,10116,10327,10380,10387,10388,10454,10942,11404,11491,11653,11770,11782,11796,12039,12067,12116,12230,12381,12515,12531,12871,12926,12968,12996,13245,13365,13424,13989,14125,14273,14311,14662,14710,14792,14938,15495,15501,15762,15819,16053,16197,16323,16328,16488,16748,16762,16805,16855,17006,17012,17024,17061,17230,17361,17413,17564,17602,17752,17873,17998,18173,18359,18405,18442,18454,18637,18680,18837,18862,18930,19311,19357,19424,19518,19527,19691,19961],[2.9769291465908947,4.711530201979001,5.65551228046282,4.269697449699962,1.5664205273504097,4.6061696863211745,2.674648274717961,5.52246041819533,10.157227707392796,5.29931686688112,6.215607598755275,10.233990620174332,5.29931686688112,2.5520459526256287,3.0801133828261253,2.7343675094195836,5.810142490647111,3.3823942546990593,4.13616605707544,4.829313237635384,4.343805421853684,4.829313237635384,4.269697449699962,3.474767574830074,5.116995310087166,9.0217190130337,4.269697449699962,4.4238481295272205,4.343805421853684,2.3761552861619646,3.195182712610913,3.297836866670996,5.810142490647111,3.7732605633860707,5.320519074531723,3.353406717825807,5.531240105847376,4.343805421853684,5.29931686688112,3.297836866670996,3.474767574830074,6.215607598755275,4.51085950651685,2.6182953381668295,4.51085950651685,23.240569962588445,2.5143056246427817,2.6602595372658615,8.023944824153883,6.215607598755275,2.217406897086077,14.134590605937003,3.1245651453969594,3.6506582412937387,5.52246041819533,3.730700948967275,1.9599948889370524,3.6506582412937387,2.7978809151419095,2.7978809151419095,3.0801133828261253,3.3252358408591105,3.085557528586738,4.269697449699962,4.711530201979001,5.116995310087166,2.1465808445174646,4.773932404532361,5.408124319848509,1.7967669909586774,3.6506582412937387,4.711530201979001,2.8657035114806706,2.938462865763099,4.269697449699962,3.9130225057612296,10.59863373376224,3.5414589493287463,4.075541435259004,5.29931686688112,3.6506582412937387,1.8653296623959739,3.5765502691400166,3.5414589493287463,9.212339372642349,2.477937980471907,5.52246041819533,3.443018876515494,2.2547944291576973,9.504621144647858,9.0217190130337,2.81441021709312,3.6129179133108917,3.245193133185574,5.29931686688112,4.200704578213011,3.68987895444702,2.0412203288596382,8.75931219825284,3.5414589493287463,3.9130225057612296,3.3823942546990593,14.588507789022085,3.5075573976530654,7.2258358266217835,2.0724728723637424,12.809092349099885,2.9967317738870745,3.68987895444702,1.8525089739669125,5.116995310087166,4.269697449699962,5.116995310087166,5.29931686688112,6.215607598755275,3.3823942546990593,3.6506582412937387,5.182533331557821,3.5765502691400166,3.8642323415917974,4.711530201979001,2.5780214390288894,1.9320210368946462,2.646074902273905,1.9815010941580158,2.5020355320509675,3.1710851610318525,4.51085950651685,4.6061696863211745,2.7978809151419095,4.51085950651685,5.52246041819533,4.4238481295272205,2.264363880173848,3.5414589493287463,13.271544388581662,4.269697449699962,2.7343675094195836,5.078613853696398,3.730700948967275,4.51085950651685,4.829313237635384,3.353406717825807,11.453136977870715,5.29931686688112,1.6255510505772321,3.9130225057612296,5.29931686688112,2.9575110607337933,4.075541435259004,4.962844630259907,5.52246041819533,4.269697449699962,3.96431580014878,4.269697449699962,3.9130225057612296,1.466337068793427,2.6602595372658615,3.6506582412937387])
================================================================================

================================================================================
Original Text: Students are shouting several slogans to guarantee the school's autonomy in front of Jogyesa Temple...
TF-IDF Vector: (20000,[110,504,787,796,808,1041,1261,1306,1434,1606,1708,1721,2353,2602,3094,3174,3311,3502,3536,3556,3700,3805,3876,3995,4073,4229,4884,5032,5085,5152,5282,5357,5465,5775,5781,5925,7306,7440,7454,7488,7789,7867,8082,8284,8312,8873,8899,8942,9179,9203,9227,9304,9330,9348,9391,9681,9822,10420,11110,11112,11226,11523,11678,11817,11878,11959,12337,12679,12825,12871,13061,13303,13332,13496,13598,13792,13989,14123,14263,14447,14859,15121,15150,15606,15843,16115,16319,16451,16545,16997,17091,17325,17534,17564,17752,18130,18152,18433,18490,18505,18605,18644,18675,18843,19183,19493,19557,19674],[4.829313237635384,2.8483117687688013,12.40849817122632,2.81441021709312,2.9967317738870745,2.7978809151419095,21.19726746752448,3.219875325201284,3.245193133185574,3.0801133828261253,3.2711686195888348,3.96431580014878,6.117214355210324,5.29931686688112,3.3823942546990593,2.8483117687688013,4.829313237635384,3.7732605633860707,7.3013164825874775,3.195182712610913,4.711530201979001,5.116995310087166,11.592697024775392,4.075541435259004,12.602113734639033,4.343805421853684,5.810142490647111,5.810142490647111,3.1710851610318525,10.59863373376224,8.151082870518009,5.802843188165499,2.831217335409501,10.522672192959195,4.6061696863211745,2.0412203288596382,5.29931686688112,2.7978809151419095,3.1710851610318525,3.3252358408591105,14.888533890779721,3.353406717825807,3.6506582412937387,4.711530201979001,4.773932404532361,7.153100538280033,1.8461597462882537,4.4238481295272205,3.68987895444702,11.04492083639066,4.730919994090433,5.116995310087166,2.1129642337184795,2.5267281446413388,3.1910976005468665,1.8335809640813936,4.51085950651685,5.29931686688112,11.89294740044634,4.962844630259907,11.273972145788488,6.249130290793919,2.217406897086077,2.8483117687688013,5.810142490647111,6.033868962409188,4.829313237635384,7.734064317086668,5.52246041819533,2.431417964837014,4.711530201979001,2.7040621599242547,3.147554663621658,2.1380701548495558,6.204184579089802,1.0338240484631902,1.8525089739669125,3.817712325956905,3.2308999091814563,8.687610843707368,4.13616605707544,5.29931686688112,3.474767574830074,4.6061696863211745,13.53257851955055,5.810142490647111,4.51085950651685,3.60561861082928,4.018383021419056,3.3823942546990593,12.809092349099885,9.0217190130337,3.9130225057612296,13.671837547097919,3.730700948967275,2.9575110607337933,5.810142490647111,5.29931686688112,2.4899141715186226,4.269697449699962,3.68987895444702,3.5075573976530654,5.52246041819533,3.6506582412937387,5.29931686688112,5.116995310087166,12.43121519751055,5.810142490647111])
================================================================================

================================================================================
Original Text: Quartz is one of the most common and varied minerals on earth, and its abundant colors produce many ...
TF-IDF Vector: (20000,[25,55,103,130,225,392,419,441,452,574,625,660,693,697,698,771,956,1071,1080,1154,1167,1206,1235,1301,1304,1355,1368,1534,1648,1720,1806,1853,1888,1946,2111,2136,2261,2293,2326,2405,2451,2647,2830,2886,2907,2947,2990,3100,3136,3385,3506,3562,3611,3634,3747,3783,3987,3995,4040,4043,4059,4130,4462,4506,4602,4737,4756,4881,4887,4965,4988,4992,5003,5258,5331,5332,5367,5465,5516,5523,5693,5723,5768,5802,5843,5871,5880,6015,6036,6061,6165,6168,6173,6324,6332,6344,6382,6495,6500,6583,6588,6647,6702,6764,7022,7185,7470,7516,7586,7620,7673,7689,7854,7922,7961,8040,8136,8173,8266,8302,8422,8442,8528,8544,8552,8566,8904,8997,9031,9089,9169,9172,9188,9227,9360,9502,9521,9523,9605,9663,9746,9817,9832,9943,9954,10007,10114,10165,10222,10284,10286,10316,10373,10416,10472,10496,10551,10764,10815,10960,10981,11002,11073,11152,11181,11221,11253,11275,11341,11481,11570,11574,11597,11611,11626,11637,11688,11730,11762,11948,11967,11968,12034,12059,12167,12331,12437,12480,12627,12657,12658,12719,12737,12749,12814,12827,12946,13085,13157,13224,13304,13350,13392,13427,13443,13507,13525,13792,13913,13915,14099,14158,14199,14266,14365,14377,14604,14657,14988,15040,15041,15133,15188,15191,15328,15354,15361,15409,15513,15589,15591,15621,15670,15816,15869,15948,16024,16148,16149,16220,16361,16413,16443,16452,16545,16554,16908,16932,16968,16978,17046,17083,17158,17308,17330,17778,17779,17816,17901,17963,18015,18161,18174,18237,18291,18310,18527,18614,18722,18725,18728,19013,19051,19142,19160,19205,19288,19295,19312,19453,19676,19756,19825,19923,19961],[5.52246041819533,4.6061696863211745,14.888533890779721,22.38420569380365,5.810142490647111,2.9967317738870745,3.6506582412937387,28.975879425812305,3.5414589493287463,46.37078809910157,11.739067517283688,8.847696259054441,7.92863160029756,10.62437684798624,2.831217335409501,5.52246041819533,17.695392518108882,5.29931686688112,10.62437684798624,4.829313237635384,10.233990620174332,16.355843097944174,5.29931686688112,3.474767574830074,4.13616605707544,24.8624303950211,5.52246041819533,5.52246041819533,14.9228037958691,22.252963154161034,16.56738125458599,2.9769291465908947,5.52246041819533,12.43121519751055,4.269697449699962,9.423060403958003,5.29931686688112,6.215607598755275,8.27233211415088,17.954645502230758,31.576016545617946,5.810142490647111,8.847696259054441,4.829313237635384,3.6129179133108917,3.1245651453969594,22.78649415015041,3.7732605633860707,2.9197707327509463,7.656137857876886,2.3761552861619646,4.829313237635384,9.585548137832738,6.390365425221826,5.52246041819533,1.8088883514910221,6.075107536814659,4.075541435259004,5.29931686688112,2.0567245153956035,10.233990620174332,3.8642323415917974,37.09521806816784,3.5414589493287463,3.96431580014878,5.52246041819533,3.443018876515494,12.055149064257169,5.116995310087166,4.200704578213011,5.953858293181789,14.888533890779721,6.949535149660148,23.240569962588445,5.810142490647111,33.13476250917198,3.297836866670996,2.831217335409501,14.888533890779721,5.810142490647111,3.96431580014878,5.29931686688112,35.075573976530656,5.52246041819533,16.787285490851456,2.646074902273905,4.075541435259004,3.6129179133108917,27.612302090976648,4.434813794172154,3.730700948967275,1.6776461624606338,4.962844630259907,25.035851883980115,16.09937662600642,4.51085950651685,92.10591558156898,3.5075573976530654,9.423060403958003,5.810142490647111,18.646822796265823,5.004071064101935,4.962844630259907,2.9967317738870745,6.388893858611073,4.6061696863211745,4.6061696863211745,5.116995310087166,21.003522891065053,4.829313237635384,11.04492083639066,12.055149064257169,6.215607598755275,4.018383021419056,3.96431580014878,2.431417964837014,5.810142490647111,2.7040621599242547,8.036766042838112,6.215607598755275,11.04492083639066,4.075541435259004,5.52246041819533,3.8642323415917974,3.245193133185574,2.9014215940827497,2.0489423749535485,4.51085950651685,4.829313237635384,11.620284981294223,40.6199023171585,15.350985930261498,5.531240105847376,2.3654599970452166,2.0034800008767912,5.29931686688112,5.810142490647111,4.4238481295272205,14.024360006137538,3.5414589493287463,5.116995310087166,2.3136349291806306,35.414589493287465,4.51085950651685,26.062832531122105,14.796621136949426,4.829313237635384,2.6320886602991656,6.265419641130551,54.60915951676914,6.215607598755275,10.522672192959195,7.0829178986574926,5.810142490647111,5.116995310087166,4.200704578213011,29.967317738870744,10.87640014915518,0.979165635925326,3.9058554434279196,4.075541435259004,5.810142490647111,4.0069600017535825,20.034800008767913,5.810142490647111,5.810142490647111,7.3013164825874775,14.487939712906153,30.186084507088566,4.343805421853684,5.29931686688112,3.68987895444702,7.0829178986574926,6.465493764626568,6.390365425221826,2.749871695955549,124.31215197510551,4.711530201979001,6.82449443569748,5.731407022961341,4.416548827045609,3.9130225057612296,3.016934481204594,11.533612354320285,8.27233211415088,25.58497655043583,9.0217190130337,6.706813435651614,4.269697449699962,2.7040621599242547,5.116995310087166,5.810142490647111,12.408369158179603,4.51085950651685,9.423060403958003,19.249101871688843,6.215607598755275,9.0217190130337,8.539394899399923,4.075541435259004,2.5020355320509675,23.185394049550784,8.847696259054441,18.253291206468695,4.343805421853684,2.689247074139114,1.3404102755541236,11.372064533095092,8.151082870518009,4.962844630259907,6.949535149660148,2.5520459526256287,5.810142490647111,7.153100538280033,6.650471681718221,3.5414589493287463,5.810142490647111,13.53257851955055,7.3013164825874775,11.04492083639066,7.153100538280033,1.5288574257747611,1.5105920777974677,3.1710851610318525,2.0034800008767912,12.121017863702873,4.6061696863211745,7.3013164825874775,5.29931686688112,22.51528173674496,2.883403088580071,18.928435119469782,5.52246041819533,4.13616605707544,8.815388597289296,2.719100037288795,3.6506582412937387,12.498260581587838,21.19726746752448,4.075541435259004,6.215607598755275,4.13616605707544,3.3252358408591105,4.962844630259907,4.018383021419056,5.810142490647111,12.43121519751055,7.3013164825874775,3.3823942546990593,9.0217190130337,2.9967317738870745,2.5020355320509675,8.539394899399923,3.443018876515494,9.423060403958003,4.51085950651685,2.8657035114806706,266.49805161444294,5.52246041819533,3.0801133828261253,10.424302724490222,6.886037753030988,2.719100037288795,8.401409156426022,8.539394899399923,18.424678745284698,24.14656618817692,3.1245651453969594,4.4238481295272205,9.423060403958003,2.8657035114806706,4.962844630259907,5.810142490647111,4.711530201979001,12.6859584014145,52.291282415824,8.597110534442011,5.52246041819533,4.4238481295272205,20.467981240348664,3.5765502691400166,58.10142490647111,4.6061696863211745,10.233990620174332,21.903949447762432])
================================================================================

