--- NLP Pipeline Output (First 20 results) ---
Output file generated at: D:\ADMIN\Documents\Classwork\spark_labs\results\lab17_pipeline_output_2.txt

================================================================================
Original Text: Beginners BBQ Class Taking Place in Missoula!
Do you want to get better at making delicious BBQ? You...
TF-IDF Vector: (1000,[7,49,61,63,126,156,171,191,210,216,231,264,266,271,298,323,334,348,359,360,377,390,391,399,408,413,426,438,480,484,490,499,522,537,543,588,600,673,674,703,712,717,726,741,748,769,779,788,802,819,829,832,854,860,871,893,924,941,952,953,955,968,979],[6.84103099219758,1.80280930541464,1.5568966458391542,2.0184056510934667,2.1296312862036912,2.0724728723637424,1.7496994801006915,1.9742808461845287,2.3761552861619646,1.9529277217139598,1.9459101490553132,6.679870656573003,2.064567692856629,2.4089451089849554,2.0109149793643093,1.8088883514910221,1.552168504643208,1.4156933359746722,2.1380701548495558,1.51968304949872,2.1992245780028865,3.2409754972413705,1.2217794229754009,2.3444065878473843,4.2761403096991115,1.8783168579227851,2.29970601087588,2.4899141715186226,1.9183221925364842,2.674648274717961,5.249098440302075,1.8718021769015913,2.81441021709312,1.3404102755541236,3.085557528586738,2.1296312862036912,2.6320886602991656,1.8783168579227851,1.8088883514910221,2.0109149793643093,1.1096621248546947,2.2082744135228043,1.8848742584689442,1.355795194393603,1.693819021706235,2.3978952727983707,1.355795194393603,2.3237873006446486,2.264363880173848,2.454407483061713,2.689247074139114,2.303584593327129,1.9529277217139598,2.2547944291576973,1.4281158559732292,1.9320210368946462,1.8088883514910221,2.226623552191001,2.0724728723637424,1.6830081056020194,2.155164588208856,2.088473213710184,2.1380701548495558])
================================================================================

================================================================================
Original Text: Discussion in 'Mac OS X Lion (10.7)' started by axboi87, Jan 20, 2012.
I've got a 500gb internal dri...
TF-IDF Vector: (1000,[0,1,5,10,14,23,38,53,57,87,92,100,116,124,133,148,168,172,182,188,192,196,206,207,211,216,220,227,228,231,248,255,267,286,295,301,303,305,315,317,319,321,325,330,348,349,353,383,391,394,406,408,431,435,439,447,451,454,493,496,524,525,527,531,532,535,537,556,558,562,569,571,577,588,619,625,635,640,643,652,655,667,672,683,685,692,707,748,775,778,780,791,815,834,845,850,873,878,881,893,898,900,909,918,921,922,925,937,944,958,960,962,963,971,984,986,988,990,994],[1.7729563422649588,2.1992245780028865,2.8483117687688013,1.646064590410335,2.1296312862036912,1.7496994801006915,1.7554631848174416,2.0412203288596382,1.6357552207514738,2.5267281446413388,1.6204877486206852,1.8653296623959739,1.47940915036078,2.6602595372658615,2.078915732362892,5.694358455656894,1.4322912273837098,3.1245651453969594,6.77527608682494,1.0479685558493548,2.0724728723637424,1.9459101490553132,1.7326050467413914,2.0412203288596382,1.45771632574952,7.811710886855839,4.453247104382002,3.823085011102211,3.499398960201383,1.9459101490553132,2.3761552861619646,2.3548778877146797,1.6992686264737997,1.8398505770949891,2.18136696060288,1.9183221925364842,1.6992686264737997,3.667161928162787,2.217406897086077,2.2082744135228043,1.80280930541464,2.235925944853314,20.10914979364309,2.062037995071163,1.4156933359746722,6.975875221566826,1.561647248597752,1.9742808461845287,2.4435588459508018,2.0965704239428034,3.6653382689262024,2.1380701548495558,2.1638226509519707,2.155164588208856,2.293634262473961,1.5760359860498516,1.2992829841302609,1.8088883514910221,3.344625632970543,1.80280930541464,1.4034232433828577,1.1786549963416462,2.3315031830114767,4.34511266184145,2.2547944291576973,1.8981194852189647,8.042461653324741,2.3869662022661804,2.0724728723637424,2.1129642337184795,3.654700828661515,2.3444065878473843,2.172556330920725,2.1296312862036912,3.3985372529475995,5.0286112492855635,1.4534336639575192,2.3237873006446486,2.2837819660309497,1.8273504143307575,2.264363880173848,2.088473213710184,2.3548778877146797,1.5474626136057954,1.9115425055511055,2.293634262473961,4.193140847885607,1.693819021706235,1.9960998935791685,1.9183221925364842,1.8981194852189647,1.693819021706235,2.634208557161872,2.0184056510934667,6.652220691258231,1.8525089739669125,1.6617307071547345,2.1296312862036912,2.0804410420129194,1.9320210368946462,2.3654599970452166,2.2547944291576973,5.81682443921766,2.5267281446413388,2.226623552191001,1.4115865540220187,1.4534336639575192,2.3548778877146797,2.0412203288596382,1.391301882850513,3.3552923249212676,2.2082744135228043,5.966321560461287,2.719100037288795,4.587268524947922,2.3869662022661804,1.8914749425002961,1.9742808461845287,13.160443301495828])
================================================================================

================================================================================
Original Text: Foil plaid lycra and spandex shortall with metallic slinky insets. Attached metallic elastic belt wi...
TF-IDF Vector: (1000,[55,110,115,149,224,251,344,470,471,486,574,595,690,750,823,839,876,895,902,908,929],[2.9413509407840506,4.021829958728619,1.7047480922384253,2.3761552861619646,1.5060773974429411,2.646074902273905,1.2704001099814748,2.1296312862036912,2.3978952727983707,2.2837819660309497,2.0965704239428034,2.2453156852031535,1.5381167511875578,1.4198170531585343,1.8335809640813936,2.7978809151419095,2.3444065878473843,2.1465808445174646,2.3444065878473843,2.938462865763099,1.9599948889370524])
================================================================================

================================================================================
Original Text: How many backlinks per day for new site?
Discussion in 'Black Hat SEO' started by Omoplata, Dec 3, 2...
TF-IDF Vector: (1000,[14,36,44,48,52,61,90,103,133,140,146,151,188,196,206,217,222,229,257,267,288,292,298,303,310,315,343,376,391,394,395,403,413,430,455,458,507,509,515,525,526,546,552,571,585,592,602,616,634,662,675,681,688,693,702,719,740,741,759,761,775,787,790,791,815,818,827,832,858,862,880,891,893,896,904,917,925,931,943,953,954,958,989,996],[2.1296312862036912,2.539306926848199,1.4239578458245656,1.7382707842770688,1.8848742584689442,1.5568966458391542,1.7907609668984654,3.992199787158337,3.1183735985443377,2.18136696060288,1.6883989542368958,2.3444065878473843,1.0479685558493548,3.8918202981106265,1.7326050467413914,1.9115425055511055,1.5151272329628591,1.8653296623959739,4.067114912228138,3.3985372529475995,3.654700828661515,2.334043800811838,4.021829958728619,1.6992686264737997,1.7612603025017675,13.304441382516462,1.8914749425002961,2.18136696060288,1.2217794229754009,4.193140847885607,2.6046896861110507,1.25626559904657,3.7566337158455703,1.552168504643208,2.3869662022661804,1.9320210368946462,1.9183221925364842,1.9960998935791685,2.3548778877146797,2.3573099926832923,1.7496994801006915,2.0109149793643093,2.226623552191001,2.3444065878473843,3.0348027350354396,2.1465808445174646,3.2715104415029477,1.7847907999119617,1.80280930541464,1.7157979284250102,2.226623552191001,3.9309984609505375,2.334043800811838,1.4971087274601806,1.8848742584689442,2.2453156852031535,1.4926543771108005,1.355795194393603,2.3237873006446486,2.4201184095830808,1.9960998935791685,2.0184056510934667,1.3029527130192233,1.693819021706235,0.8780695190539572,2.1465808445174646,2.1902559080201263,2.303584593327129,1.8398505770949891,1.815004578508458,2.235925944853314,3.3340155285111566,1.9320210368946462,2.5649493574615367,1.5760359860498516,2.172556330920725,1.4534336639575192,1.600487081914016,1.80280930541464,1.6830081056020194,2.539306926848199,1.391301882850513,1.3519267176156828,1.5474626136057954])
================================================================================

================================================================================
Original Text: The Denver Board of Education opened the 2017-18 school year with an update on projects that include...
TF-IDF Vector: (1000,[14,19,29,31,44,72,83,88,91,92,120,129,138,141,153,157,168,184,188,217,218,224,230,243,252,256,275,287,366,396,405,408,424,427,436,448,451,454,465,468,477,506,523,530,534,572,574,585,587,595,651,668,679,682,717,722,732,734,748,753,770,862,899,953,956,967,996],[2.1296312862036912,1.9671123567059163,3.919989777874105,2.646074902273905,1.4239578458245656,1.9815010941580158,1.7907609668984654,4.627269858361261,2.5143056246427817,1.6204877486206852,2.454407483061713,4.795790545596741,2.264363880173848,7.033219763542153,2.4201184095830808,1.689939141255225,1.4322912273837098,10.890027471050749,1.0479685558493548,3.823085011102211,2.1380701548495558,1.5060773974429411,1.9459101490553132,1.9048084733697614,1.6204877486206852,4.0519057134577,1.7670912228125608,1.6104374127671839,2.2453156852031535,8.796898312011546,1.8653296623959739,2.1380701548495558,2.0412203288596382,2.293634262473961,12.633640723206694,5.43820007457759,1.2992829841302609,1.8088883514910221,2.033557456114069,1.561647248597752,6.77527608682494,3.3340155285111566,9.485271663153839,2.3978952727983707,2.2082744135228043,2.3978952727983707,2.0965704239428034,1.0116009116784799,4.453247104382002,2.2453156852031535,6.624823240568412,2.155164588208856,3.4652100934827827,2.539306926848199,2.2082744135228043,2.334043800811838,2.334043800811838,5.775444472820652,1.693819021706235,1.93894147973922,2.064567692856629,1.815004578508458,1.925148157606884,3.366016211204039,2.431417964837014,2.8396341063170687,3.094925227211591])
================================================================================

================================================================================
Original Text: BANGALORE CY JUNCTION SBC to GONDIA JUNCTION G train timings, routes, stops, and complete info.
As o...
TF-IDF Vector: (1000,[4,48,88,110,218,266,270,279,288,360,376,411,503,527,534,547,563,617,644,681,730,747,756,791,832,843,860,888,896,931,974,979,992],[2.02595285672885,1.7382707842770688,2.3136349291806306,2.0109149793643093,2.1380701548495558,2.064567692856629,12.065489876185856,5.8377304471659395,5.482051242992273,1.51968304949872,2.18136696060288,1.7496994801006915,2.2082744135228043,1.1657515915057384,2.2082744135228043,2.104733734581964,2.3978952727983707,4.021829958728619,1.5955488002734333,1.3103328203168458,4.709755775429359,2.7343675094195836,5.654622775406833,1.693819021706235,2.303584593327129,1.9048084733697614,2.2547944291576973,2.765620052923688,2.5649493574615367,1.600487081914016,1.9815010941580158,2.1380701548495558,1.8848742584689442])
================================================================================

================================================================================
Original Text: I thought I was going to finish the 3rd season of the Wire tonight.
But there was a commentary on ep...
TF-IDF Vector: (1000,[38,55,184,273,280,358,401,412,458,464,487,491,578,585,749,878,935],[1.7554631848174416,1.4706754703920253,1.815004578508458,1.5151272329628591,1.8718021769015913,3.823085011102211,2.064567692856629,2.3761552861619646,1.9320210368946462,2.646074902273905,1.8848742584689442,2.3548778877146797,4.709755775429359,1.0116009116784799,2.5267281446413388,2.1296312862036912,1.9599948889370524])
================================================================================

================================================================================
Original Text: The rich get richer and the poor get poorer eh?
Or is it the rich think different and play by a diff...
TF-IDF Vector: (1000,[7,21,103,126,136,154,173,187,196,203,212,263,301,327,335,342,385,426,442,445,490,502,521,533,585,619,683,712,782,802,855,887,890,892,914,923,931],[1.710257748049395,2.1296312862036912,13.972699255054179,2.1296312862036912,2.1380701548495558,2.0724728723637424,1.5288574257747611,2.1465808445174646,1.9459101490553132,2.3136349291806306,16.2076228538308,12.049723046590195,1.9183221925364842,2.104733734581964,8.027249356280723,1.4364841056437458,2.0109149793643093,2.29970601087588,3.0302544659257182,1.9960998935791685,1.7496994801006915,2.1380701548495558,2.81441021709312,1.6830081056020194,1.0116009116784799,1.6992686264737997,3.094925227211591,1.1096621248546947,1.8981194852189647,2.264363880173848,1.2704001099814748,1.7907609668984654,2.3654599970452166,1.7496994801006915,2.466103522824904,1.9115425055511055,3.200974163828032])
================================================================================

================================================================================
Original Text: Biomedics 1 Day Extra are daily replacement disposable contact lenses by CooperVision Hydron. Buy on...
TF-IDF Vector: (1000,[24,53,80,94,128,132,133,135,143,157,174,190,255,268,282,288,303,325,334,359,368,378,414,437,445,494,519,529,537,545,563,611,647,662,666,703,719,727,776,783,792,815,825,828,838,846,858,907,922,931],[2.02595285672885,2.0412203288596382,1.8718021769015913,2.1992245780028865,1.9960998935791685,4.225928467436959,4.157831464725784,2.454407483061713,2.303584593327129,0.8449695706276125,1.7907609668984654,1.693819021706235,2.3548778877146797,3.8366443850729683,2.0184056510934667,1.8273504143307575,1.6992686264737997,2.0109149793643093,1.552168504643208,2.1380701548495558,6.679870656573003,2.217406897086077,2.1638226509519707,1.6564813512685908,1.9960998935791685,4.9226898607556775,1.710257748049395,2.5143056246427817,1.3404102755541236,1.7269712290231354,2.3978952727983707,1.815004578508458,1.9742808461845287,1.7157979284250102,3.7962389704379293,2.0109149793643093,4.490631370406307,2.264363880173848,2.539306926848199,1.4115865540220187,0.9123026906961994,0.8780695190539572,2.2547944291576973,1.8653296623959739,2.1465808445174646,1.80280930541464,1.8398505770949891,2.539306926848199,2.8231731080440374,6.401948327656064])
================================================================================

================================================================================
Original Text: Sysco Corp. has terminated its planned $3.5 billion takeover of US Foods, it announced Monday, after...
TF-IDF Vector: (1000,[2,10,22,25,30,34,44,47,57,58,65,68,80,81,92,93,94,109,116,119,126,133,139,160,167,169,171,183,189,193,196,200,213,218,220,227,228,234,240,241,243,251,258,259,263,270,273,274,277,294,297,302,320,321,333,336,344,345,351,356,357,363,385,388,396,399,408,410,419,433,439,450,451,452,453,460,464,475,476,480,493,495,498,502,504,508,513,519,520,524,525,526,527,538,540,545,586,589,592,594,601,612,631,633,635,638,639,640,651,653,657,658,660,677,679,682,685,695,699,700,713,721,722,728,729,736,738,744,752,775,783,790,793,798,802,805,809,835,837,846,851,854,865,870,874,885,887,891,894,897,899,906,910,942,947,958,964,968,989],[2.0567245153956035,1.646064590410335,3.6923194925765075,2.0804410420129194,1.9320210368946462,1.7326050467413914,1.4239578458245656,2.6046896861110507,1.6357552207514738,1.925148157606884,2.2082744135228043,2.5143056246427817,1.8718021769015913,2.5912666657789103,1.6204877486206852,2.7040621599242547,6.5976737340086595,2.6602595372658615,1.47940915036078,4.34511266184145,2.1296312862036912,1.039457866181446,2.5520459526256287,1.2457942991792748,2.1638226509519707,2.0567245153956035,3.499398960201383,2.3136349291806306,1.8718021769015913,1.8783168579227851,1.9459101490553132,2.5649493574615367,1.8783168579227851,6.414210464548667,4.453247104382002,1.9115425055511055,1.7496994801006915,2.1465808445174646,1.6670077642555783,1.7554631848174416,3.809616946739523,2.646074902273905,6.265419641130551,2.0109149793643093,1.2049723046590195,4.021829958728619,1.5151272329628591,1.8783168579227851,2.217406897086077,2.155164588208856,1.6992686264737997,2.3869662022661804,3.2308999091814563,2.235925944853314,2.2453156852031535,2.235925944853314,1.2704001099814748,2.539306926848199,2.0034800008767912,1.7847907999119617,3.7566337158455703,2.1380701548495558,2.0109149793643093,2.334043800811838,2.1992245780028865,2.3444065878473843,2.1380701548495558,2.6320886602991656,2.2082744135228043,3.3767979084737916,2.293634262473961,2.1212630365331746,1.2992829841302609,2.1212630365331746,1.9815010941580158,1.7157979284250102,2.646074902273905,3.1328410547008194,2.293634262473961,1.9183221925364842,1.6723128164852714,1.8914749425002961,2.3136349291806306,2.1380701548495558,2.1380701548495558,2.1638226509519707,1.8211584440828366,1.710257748049395,4.2761403096991115,1.4034232433828577,1.1786549963416462,1.7496994801006915,1.1657515915057384,1.9599948889370524,4.861463245862056,1.7269712290231354,3.8366443850729683,3.29212918082067,10.732904222587322,1.225175011976539,2.3237873006446486,2.0412203288596382,4.647574601289297,6.5976737340086595,1.4534336639575192,2.0724728723637424,2.4201184095830808,2.3237873006446486,4.416548827045609,1.5906347854710043,3.6923194925765075,2.646074902273905,8.019604482824736,2.5912666657789103,1.7326050467413914,2.539306926848199,1.9115425055511055,1.7670912228125608,2.264363880173848,2.646074902273905,2.3136349291806306,2.226623552191001,2.334043800811838,2.3638140634560467,1.9115425055511055,2.264363880173848,1.8653296623959739,2.5649493574615367,4.453247104382002,1.9960998935791685,1.4115865540220187,3.9088581390576698,3.9342247134118327,3.7566337158455703,2.264363880173848,1.2992829841302609,1.7554631848174416,1.925148157606884,2.0567245153956035,1.80280930541464,2.5912666657789103,3.9058554434279196,2.3136349291806306,3.4094961844768505,7.773799997336731,23.898119640127977,1.7907609668984654,1.6670077642555783,4.730919994090433,1.6408966202518924,3.850296315213768,2.539306926848199,1.8273504143307575,3.6923194925765075,3.60561861082928,1.391301882850513,1.6306401200847034,2.088473213710184,1.3519267176156828])
================================================================================

================================================================================
Original Text: Pencarian FILM Untuk "Peace Breaker 2017"
yuk mampir ke channel say..
Edges East provides the l..
A ...
TF-IDF Vector: (1000,[3,38,123,141,146,152,165,192,239,252,278,298,353,372,391,395,503,533,540,555,576,592,595,610,622,652,697,699,702,706,756,815,826,853,928,935],[2.1296312862036912,1.7554631848174416,2.088473213710184,2.3444065878473843,1.6883989542368958,1.561647248597752,1.8914749425002961,2.0724728723637424,2.1212630365331746,1.6204877486206852,2.6046896861110507,2.0109149793643093,3.123294497195504,2.274025791085585,1.2217794229754009,2.6046896861110507,2.2082744135228043,1.6830081056020194,1.6204877486206852,2.765620052923688,1.8848742584689442,2.1465808445174646,2.2453156852031535,2.217406897086077,2.274025791085585,1.8273504143307575,4.036811302186933,2.264363880173848,1.8848742584689442,1.693819021706235,1.8848742584689442,0.8780695190539572,1.693819021706235,1.4406946381800894,1.542778764293369,3.919989777874105])
================================================================================

================================================================================
Original Text: Below you'll find some great videos that will encourage you, train you and build you up in hearing f...
TF-IDF Vector: (1000,[7,14,23,35,36,56,73,89,117,123,131,133,142,181,192,209,229,234,260,267,271,275,287,313,323,328,346,347,355,357,380,386,391,393,397,402,423,426,428,438,449,457,460,472,487,496,499,510,529,535,543,548,563,569,579,585,595,596,609,611,617,627,660,684,690,693,696,697,702,704,734,750,758,760,762,798,802,821,826,829,841,842,855,862,892,921,929,936,938,963,967,992],[1.710257748049395,2.1296312862036912,1.7496994801006915,2.1902559080201263,2.539306926848199,1.6723128164852714,3.161757221051279,1.9815010941580158,2.293634262473961,2.088473213710184,1.8914749425002961,1.039457866181446,4.2592625724073825,2.235925944853314,2.0724728723637424,1.8211584440828366,3.7306593247919477,4.293161689034929,4.36273392120576,1.6992686264737997,2.4089451089849554,1.7670912228125608,6.4417496510687355,2.3978952727983707,1.8088883514910221,4.806578058265379,1.8088883514910221,1.225175011976539,9.45737471250148,1.8783168579227851,2.6046896861110507,2.4201184095830808,1.2217794229754009,5.988299680737505,2.5912666657789103,3.7436043538031827,2.1129642337184795,1.14985300543794,1.9183221925364842,4.979828343037245,5.4084279162439195,2.172556330920725,1.7157979284250102,2.539306926848199,1.8848742584689442,3.60561861082928,1.8718021769015913,4.3220839145402685,10.057222498571127,1.8981194852189647,3.085557528586738,4.113449030791207,2.3978952727983707,1.8273504143307575,2.3869662022661804,1.0116009116784799,2.2453156852031535,2.033557456114069,1.8273504143307575,1.815004578508458,2.0109149793643093,2.033557456114069,1.336600747137456,2.172556330920725,1.5381167511875578,1.4971087274601806,1.8914749425002961,2.0184056510934667,1.8848742584689442,2.226623552191001,1.925148157606884,1.4198170531585343,4.176946427420368,3.5695815998239233,4.113449030791207,1.8783168579227851,2.264363880173848,1.7612603025017675,1.693819021706235,2.689247074139114,2.0804410420129194,2.033557456114069,1.2704001099814748,1.815004578508458,1.7496994801006915,4.453247104382002,1.9599948889370524,2.033557456114069,2.1902559080201263,1.9887738534870958,2.8396341063170687,1.8848742584689442])
================================================================================

================================================================================
Original Text: "Unemployment, Relative Price Dispersion and the Implicit Contract Model."
"The Federal Reserve&apos...
TF-IDF Vector: (1000,[2,8,26,37,40,58,70,100,125,127,130,132,152,165,196,201,236,238,252,257,260,264,275,282,292,293,296,342,352,358,370,394,440,454,463,500,513,514,547,551,552,561,566,572,577,611,616,633,638,647,657,674,689,692,701,721,724,725,728,735,738,751,753,769,809,813,818,826,832,850,871,906,910,916,953,973],[2.0567245153956035,1.8588987720656835,2.3444065878473843,2.0109149793643093,2.0034800008767912,1.925148157606884,2.155164588208856,1.8653296623959739,2.172556330920725,2.765620052923688,2.172556330920725,2.1129642337184795,1.561647248597752,1.8914749425002961,1.9459101490553132,2.4899141715186226,6.193703078569888,2.6046896861110507,1.6204877486206852,4.067114912228138,2.18136696060288,2.226623552191001,1.7670912228125608,2.0184056510934667,2.334043800811838,2.0109149793643093,7.002131402435515,1.4364841056437458,2.3444065878473843,3.823085011102211,1.8525089739669125,2.0965704239428034,1.2992829841302609,1.8088883514910221,4.587268524947922,2.155164588208856,1.8211584440828366,2.2453156852031535,2.104733734581964,4.176946427420368,2.226623552191001,2.334043800811838,1.9529277217139598,2.3978952727983707,2.172556330920725,1.815004578508458,8.923953999559808,2.1992245780028865,2.0724728723637424,1.9742808461845287,3.6923194925765075,1.8088883514910221,2.1638226509519707,2.293634262473961,2.1296312862036912,11.133117760955004,17.262724659774328,1.9960998935791685,2.3638140634560467,2.1296312862036912,1.8653296623959739,4.647574601289297,1.93894147973922,2.3978952727983707,14.043705478539533,1.8653296623959739,2.1465808445174646,1.693819021706235,2.303584593327129,1.8525089739669125,1.4281158559732292,2.539306926848199,9.136752071653788,15.012213192305804,1.6830081056020194,4.471851889706628])
================================================================================

================================================================================
Original Text: I have existing web site brittlloyd.org. I opened a new domain sayrebuildersrockport.com however I d...
TF-IDF Vector: (1000,[71,127,133,211,330,349,354,357,371,391,404,424,466,525,538,585,586,693,694,712,728,778,807,852,891,909,911,928,996],[2.466103522824904,2.765620052923688,1.039457866181446,1.45771632574952,1.0310189975355815,3.487937610783413,2.6961462965993856,1.8783168579227851,1.7907609668984654,1.2217794229754009,1.600487081914016,2.0412203288596382,2.0184056510934667,1.1786549963416462,1.9599948889370524,3.0348027350354396,1.9183221925364842,1.4971087274601806,2.1380701548495558,1.1096621248546947,1.1819070317280234,1.9183221925364842,2.064567692856629,1.7907609668984654,5.001023292766735,1.93894147973922,2.0965704239428034,1.542778764293369,1.5474626136057954])
================================================================================

================================================================================
Original Text: Embrace world class facilities at East Bourne Resort & Spa Shimla. Facilities at East Bourne Resort ...
TF-IDF Vector: (1000,[7,53,59,87,193,297,328,360,444,446,518,522,576,681,687,820,835,892,959],[1.710257748049395,2.0412203288596382,6.265419641130551,2.5267281446413388,1.8783168579227851,5.097805879421399,3.604933543699034,1.51968304949872,5.8377304471659395,4.979828343037245,2.334043800811838,2.81441021709312,5.654622775406833,1.3103328203168458,2.0724728723637424,2.5267281446413388,1.925148157606884,5.249098440302075,2.064567692856629])
================================================================================

================================================================================
Original Text: "Bake me a pie or go away," I've literally had my son say that to me a few times. So, what was I to ...
TF-IDF Vector: (1000,[0,1,4,5,7,10,12,15,16,17,18,19,21,22,24,29,34,38,39,42,43,44,45,46,48,49,53,55,56,57,61,62,65,67,72,74,77,78,86,88,90,91,92,96,99,100,103,108,109,112,113,114,116,118,119,120,125,126,132,133,134,135,136,140,143,144,145,147,152,154,155,156,157,158,160,161,166,168,176,178,182,183,184,185,188,195,196,197,198,200,203,207,209,211,212,213,216,218,222,223,224,226,227,228,229,231,232,239,242,243,245,247,250,253,254,256,258,263,267,270,271,272,273,276,278,280,281,282,286,287,288,291,292,293,300,301,303,305,309,311,312,314,316,317,318,320,322,323,328,330,334,335,336,339,340,342,343,344,345,346,347,349,350,351,353,354,356,359,360,362,363,364,365,367,368,369,370,372,373,374,375,376,378,379,380,383,385,386,391,402,403,405,406,409,412,414,415,416,417,418,420,423,424,426,427,430,431,432,436,437,442,444,445,447,448,449,451,455,456,457,460,462,463,465,466,467,471,472,473,479,480,482,483,487,489,491,494,497,500,501,502,503,505,506,507,509,510,515,517,519,520,522,524,525,526,527,531,532,533,536,537,539,543,544,545,546,547,549,550,552,557,560,562,565,567,569,571,572,576,578,580,583,585,587,588,589,590,592,593,594,595,596,597,605,609,612,613,614,616,618,619,620,621,623,625,626,627,630,635,636,639,641,642,644,649,650,653,660,661,662,664,665,672,673,678,679,682,683,684,688,689,692,693,694,695,698,699,702,709,712,715,717,719,722,723,726,727,728,731,737,740,741,743,744,746,748,749,751,752,755,756,757,759,760,761,763,767,768,771,772,778,779,783,787,790,791,792,797,798,801,802,804,805,806,807,814,815,817,818,821,824,825,830,831,832,833,834,835,837,842,844,845,850,852,853,854,855,857,861,862,864,865,866,871,872,874,875,877,878,882,883,885,889,891,892,897,900,901,902,904,907,909,910,913,915,916,919,920,921,922,923,924,925,926,927,931,938,939,940,942,943,944,945,946,948,950,951,953,955,956,958,959,960,961,963,964,967,968,973,974,976,981,983,986,988,989],[3.5459126845299176,2.1992245780028865,8.1038114269154,2.8483117687688013,1.710257748049395,3.29212918082067,1.925148157606884,11.343414240344796,2.1212630365331746,6.940904787541892,2.5267281446413388,1.9671123567059163,10.648156431018457,7.384638985153015,2.02595285672885,1.9599948889370524,3.4652100934827827,5.266389554452324,4.327645301903941,2.172556330920725,1.646064590410335,4.271873537473697,2.454407483061713,2.088473213710184,5.214812352831206,7.21123722165856,6.123660986578915,5.882701881568101,5.0169384494558145,1.6357552207514738,6.227586583356617,13.44623537069557,2.2082744135228043,2.646074902273905,1.9815010941580158,1.710257748049395,2.064567692856629,7.163043867593862,1.8211584440828366,2.3136349291806306,1.7907609668984654,2.5143056246427817,3.2409754972413705,2.0965704239428034,4.129135385713258,1.8653296623959739,1.9960998935791685,2.5649493574615367,2.6602595372658615,4.8463498637721845,2.2837819660309497,4.225928467436959,5.91763660144312,2.4201184095830808,2.172556330920725,2.454407483061713,2.172556330920725,2.1296312862036912,2.1129642337184795,2.078915732362892,2.454407483061713,44.17933469511084,4.2761403096991115,2.18136696060288,2.303584593327129,3.4315958568500204,2.104733734581964,2.334043800811838,1.561647248597752,2.0724728723637424,2.064567692856629,4.144945744727485,4.224847853138062,7.21123722165856,1.2457942991792748,11.592126221367877,3.0121547948858822,11.458329819069679,6.707777834559943,5.097805879421399,13.55055217364988,2.3136349291806306,5.445013735525374,3.992199787158337,3.143905667548064,2.3548778877146797,3.8918202981106265,3.2409754972413705,3.499398960201383,7.694848072384611,6.940904787541892,2.0412203288596382,1.8211584440828366,1.45771632574952,6.0778585701865495,3.7566337158455703,1.9529277217139598,2.1380701548495558,9.090763397777154,4.688813175694769,1.5060773974429411,3.4652100934827827,1.9115425055511055,1.7496994801006915,5.595988987187922,13.621371043387192,1.8848742584689442,2.1212630365331746,10.87640014915518,1.9048084733697614,2.4089451089849554,4.885693321321273,2.303584593327129,1.9671123567059163,2.7343675094195836,6.0778585701865495,6.265419641130551,4.819889218636078,3.3985372529475995,6.032744938092928,4.817890217969911,2.539306926848199,3.0302544659257182,1.7847907999119617,2.6046896861110507,1.8718021769015913,8.748497400503458,4.036811302186933,3.6797011541899782,4.831312238301551,1.8273504143307575,2.3654599970452166,9.336175203247352,4.021829958728619,3.7962389704379293,1.9183221925364842,1.6992686264737997,1.8335809640813936,1.8914749425002961,5.004071064101935,3.1137932916783084,2.6046896861110507,2.0109149793643093,2.2082744135228043,2.781620394270129,1.6154499545907282,2.2082744135228043,5.426665054473066,4.806578058265379,3.093056992606744,1.552168504643208,4.816349613768434,2.235925944853314,1.93894147973922,4.453247104382002,27.293198007231172,7.5658997700011845,12.704001099814748,10.157227707392796,3.6177767029820442,1.225175011976539,3.487937610783413,4.129135385713258,2.0034800008767912,1.561647248597752,1.3480731482996928,1.7847907999119617,2.1380701548495558,4.559049148496159,2.064567692856629,6.414210464548667,2.1380701548495558,4.185978099450715,1.7670912228125608,4.453247104382002,2.466103522824904,3.705017947933825,6.8220773732567555,1.9115425055511055,1.8783168579227851,4.176946427420368,4.36273392120576,2.217406897086077,6.0778585701865495,2.6046896861110507,1.9742808461845287,2.0109149793643093,2.4201184095830808,2.4435588459508018,3.7436043538031827,1.25626559904657,1.8653296623959739,7.330676537852405,2.1638226509519707,2.3761552861619646,8.655290603807883,8.906494208764004,3.7306593247919477,2.0567245153956035,2.1992245780028865,2.3237873006446486,2.1129642337184795,2.0412203288596382,4.59941202175176,22.936342624739613,9.313011027859249,4.327645301903941,2.064567692856629,5.0534562892826775,1.6564813512685908,13.636145096665732,1.9459101490553132,1.9960998935791685,11.03225190234896,5.43820007457759,3.60561861082928,2.5985659682605218,2.3869662022661804,2.4428466606606367,2.172556330920725,1.7157979284250102,2.0804410420129194,2.293634262473961,8.134229824456275,4.036811302186933,2.719100037288795,2.3978952727983707,30.471683122178387,6.363789109599524,2.3869662022661804,3.8366443850729683,4.709755775429359,7.033219763542153,1.8848742584689442,2.3761552861619646,2.3548778877146797,4.9226898607556775,1.9320210368946462,6.465493764626568,1.7847907999119617,2.1380701548495558,4.416548827045609,4.242526073066349,1.6670077642555783,1.9183221925364842,1.9960998935791685,5.762778552720357,2.3548778877146797,2.0489423749535485,1.710257748049395,4.2761403096991115,2.81441021709312,2.8068464867657155,7.0719299780498766,5.249098440302075,9.326012732045907,2.172556330920725,6.764383287473092,3.366016211204039,2.033557456114069,6.702051377770618,2.303584593327129,1.542778764293369,2.466103522824904,1.7269712290231354,2.0109149793643093,12.628402407491784,2.749871695955549,13.301297686329308,2.226623552191001,5.775444472820652,1.9048084733697614,2.1129642337184795,13.644154746513511,4.730919994090433,7.30940165732303,2.3444065878473843,4.795790545596741,5.654622775406833,2.3548778877146797,7.2942538945110424,3.1245651453969594,1.0116009116784799,4.453247104382002,14.907419003425838,3.29212918082067,3.4094961844768505,2.1465808445174646,2.0724728723637424,1.225175011976539,2.2453156852031535,8.134229824456275,2.02595285672885,1.6883989542368958,7.30940165732303,2.0412203288596382,1.9599948889370524,1.8211584440828366,1.7847907999119617,2.883403088580071,3.3985372529475995,2.235925944853314,2.1296312862036912,4.668087601623676,5.0286112492855635,6.363789109599524,4.067114912228138,2.454407483061713,4.360300991872558,4.647574601289297,2.4201184095830808,2.6046896861110507,3.992199787158337,3.1910976005468665,5.5384792388647615,1.8211584440828366,6.362539141884017,2.673201494274912,4.34511266184145,5.147393785275031,3.9342247134118327,10.429624705662413,7.064633663144039,1.8783168579227851,1.710257748049395,3.4652100934827827,2.539306926848199,7.737313068028977,2.172556330920725,2.334043800811838,2.1638226509519707,4.587268524947922,5.988434909840723,4.2761403096991115,3.5341824456251216,1.9599948889370524,6.793091640521544,9.424371292344722,2.6602595372658615,2.2193242497093895,10.819113254759854,4.416548827045609,2.2453156852031535,2.334043800811838,1.9960998935791685,1.8848742584689442,2.264363880173848,8.273349222096163,2.088473213710184,3.654700828661515,5.970617508443202,10.846361555148825,3.4765415685541377,2.5649493574615367,2.749871695955549,1.693819021706235,5.0534562892826775,2.3237873006446486,2.226623552191001,4.176946427420368,1.8848742584689442,4.752310572323929,2.3237873006446486,7.139163199647847,4.8402368191661616,4.14990552055031,8.72546784241152,2.172556330920725,4.193140847885607,4.021829958728619,1.9183221925364842,2.711590388787206,1.4115865540220187,2.0184056510934667,2.6059054260384467,15.244371195356115,5.473816144177197,2.3654599970452166,11.26990114753671,2.3444065878473843,2.264363880173848,5.595988987187922,2.5985659682605218,4.3805118160402525,2.064567692856629,2.466103522824904,5.268417114323744,1.483804761833818,2.1465808445174646,8.806301512508837,4.310329176417712,6.764383287473092,2.18136696060288,2.1902559080201263,2.303584593327129,1.9459101490553132,2.0184056510934667,7.700592630427536,2.0567245153956035,2.033557456114069,4.34511266184145,2.217406897086077,1.8525089739669125,3.581521933796931,2.8813892763601787,1.9529277217139598,3.811200329944424,10.017400004383957,2.3237873006446486,3.630009157016916,2.088473213710184,2.3136349291806306,9.377626351389537,5.712463423892917,2.3654599970452166,2.5912666657789103,38.72189455332929,2.0109149793643093,4.2592625724073825,3.9775477069741916,2.217406897086077,2.172556330920725,7.646170022204422,1.6670077642555783,1.7496994801006915,3.281793240503785,2.2547944291576973,1.7554631848174416,2.3444065878473843,1.5760359860498516,5.078613853696398,11.63364887843532,1.8273504143307575,1.6512594072874391,2.539306926848199,2.5020355320509675,11.087034485430385,2.0109149793643093,2.226623552191001,1.4115865540220187,1.9115425055511055,9.044441757455111,1.4534336639575192,7.32853998198191,2.1212630365331746,1.600487081914016,2.1902559080201263,6.896628459018986,3.654700828661515,1.8461597462882537,10.816855832487839,2.0412203288596382,2.264363880173848,1.561647248597752,3.593533981917355,6.544100881808641,2.1212630365331746,5.049024316806058,4.310329176417712,12.15708982418507,2.782603765701026,14.451973849996405,3.3552923249212676,2.2082744135228043,1.9887738534870958,1.6306401200847034,2.8396341063170687,2.088473213710184,6.707777834559943,1.9815010941580158,3.9485616923690574,5.4634753322485095,2.9769291465908947,2.3869662022661804,1.8914749425002961,6.759633588078414])
================================================================================

================================================================================
Original Text: Are film trailers spoiling movies?
In April we asked if high ticket prices were ruining your visits ...
TF-IDF Vector: (1000,[3,7,8,10,17,20,24,34,35,38,43,44,48,49,55,57,58,59,70,72,75,81,87,89,94,95,100,103,106,110,112,113,115,116,131,132,141,149,151,152,154,157,158,164,166,167,168,173,177,178,181,183,184,193,198,202,209,210,211,212,222,228,232,233,241,243,246,253,257,260,262,264,265,268,269,270,275,276,280,284,289,293,294,297,301,303,304,305,314,315,320,323,325,330,335,336,346,348,349,352,354,365,371,377,379,387,388,389,401,404,406,415,418,421,424,426,430,434,436,439,447,450,457,475,476,479,480,486,487,494,495,497,503,505,511,517,519,521,524,527,528,536,537,543,546,552,558,562,569,571,579,580,584,585,590,594,597,598,610,616,619,621,622,624,627,629,633,634,635,641,645,646,650,654,656,657,662,664,666,667,669,673,675,679,683,690,693,694,696,698,702,703,704,708,712,716,717,725,726,728,729,735,741,742,750,758,763,766,770,772,775,779,780,791,792,798,800,802,805,817,822,823,824,826,830,837,839,842,844,846,848,853,858,862,867,869,871,875,877,882,886,887,891,892,913,914,916,920,923,929,934,936,941,942,945,949,950,958,959,960,961,964,971,975,978,979,981,985,989,992,995,996],[25.555575434444293,3.42051549609879,3.717797544131367,4.938193771231005,2.3136349291806306,1.8211584440828366,6.0778585701865495,5.197815140224174,2.1902559080201263,1.7554631848174416,1.646064590410335,4.271873537473697,1.7382707842770688,1.80280930541464,1.4706754703920253,1.6357552207514738,1.925148157606884,2.088473213710184,4.310329176417712,1.9815010941580158,2.303584593327129,2.5912666657789103,2.5267281446413388,1.9815010941580158,4.398449156005773,2.0109149793643093,1.8653296623959739,1.9960998935791685,10.473181352667318,2.0109149793643093,3.2308999091814563,2.2837819660309497,3.4094961844768505,1.47940915036078,1.8914749425002961,2.1129642337184795,2.3444065878473843,2.3761552861619646,2.3444065878473843,1.561647248597752,2.0724728723637424,0.8449695706276125,1.80280930541464,2.3548778877146797,1.5060773974429411,2.1638226509519707,2.8645824547674197,1.5288574257747611,2.334043800811838,3.3985372529475995,2.235925944853314,2.3136349291806306,1.815004578508458,9.391584289613926,1.7496994801006915,2.3869662022661804,1.8211584440828366,4.752310572323929,5.83086530299808,6.0778585701865495,1.5151272329628591,1.7496994801006915,1.8848742584689442,2.217406897086077,1.7554631848174416,3.809616946739523,2.0965704239428034,1.9671123567059163,2.033557456114069,2.18136696060288,2.0804410420129194,2.226623552191001,2.4428466606606367,1.9183221925364842,2.466103522824904,2.0109149793643093,1.7670912228125608,1.7847907999119617,1.8718021769015913,5.320519074531723,2.6602595372658615,2.0109149793643093,2.155164588208856,3.3985372529475995,1.9183221925364842,3.3985372529475995,3.3025188145748783,1.8335809640813936,2.6046896861110507,4.434813794172154,4.8463498637721845,1.8088883514910221,2.0109149793643093,4.124075990142326,3.2108997425122894,2.235925944853314,1.8088883514910221,1.4156933359746722,1.7439688053917064,7.033219763542153,5.392292593198771,1.3953260331502384,3.581521933796931,2.1992245780028865,4.0519057134577,1.8088883514910221,2.334043800811838,2.088473213710184,4.129135385713258,1.600487081914016,4.8871176919016035,2.226623552191001,4.398449156005773,2.431417964837014,2.0412203288596382,1.14985300543794,1.552168504643208,1.8335809640813936,2.5267281446413388,2.293634262473961,3.1520719720997032,4.242526073066349,6.517668992762175,1.5664205273504097,4.587268524947922,2.3869662022661804,1.9183221925364842,2.2837819660309497,1.8848742584689442,1.6408966202518924,1.8914749425002961,1.9320210368946462,4.416548827045609,2.1212630365331746,4.2592625724073825,2.0489423749535485,3.42051549609879,2.81441021709312,2.8068464867657155,1.1657515915057384,2.6182953381668295,4.067114912228138,1.3404102755541236,1.542778764293369,4.021829958728619,2.226623552191001,2.0724728723637424,2.1129642337184795,1.8273504143307575,2.3444065878473843,2.3869662022661804,2.431417964837014,2.4201184095830808,4.0464036467139195,3.4094961844768505,1.225175011976539,2.02595285672885,2.303584593327129,4.434813794172154,1.7847907999119617,3.3985372529475995,2.1296312862036912,4.54805158217117,18.923679976361733,2.033557456114069,2.3654599970452166,2.1992245780028865,1.80280930541464,1.4534336639575192,7.814069058333152,2.155164588208856,5.182533331557821,1.8211584440828366,2.765620052923688,2.4089451089849554,1.8461597462882537,1.7157979284250102,1.9671123567059163,1.8981194852189647,2.088473213710184,2.4201184095830808,3.7566337158455703,2.226623552191001,1.7326050467413914,1.5474626136057954,1.5381167511875578,1.4971087274601806,2.1380701548495558,3.7829498850005923,1.9599948889370524,3.7697485169378884,2.0109149793643093,2.226623552191001,3.5459126845299176,3.328986374564084,1.8335809640813936,2.2082744135228043,1.9960998935791685,1.8848742584689442,3.54572109518407,1.9115425055511055,2.1296312862036912,2.711590388787206,2.1992245780028865,1.4198170531585343,2.088473213710184,1.3833018401834367,1.9742808461845287,2.064567692856629,2.0109149793643093,1.9960998935791685,2.711590388787206,1.8981194852189647,5.081457065118705,1.8246053813923988,1.8783168579227851,4.627269858361261,2.264363880173848,2.5985659682605218,4.451414285501453,2.5912666657789103,1.8335809640813936,2.155164588208856,6.77527608682494,2.18136696060288,2.0567245153956035,2.7978809151419095,2.033557456114069,2.172556330920725,1.80280930541464,2.5267281446413388,1.4406946381800894,1.8398505770949891,1.815004578508458,4.3805118160402525,1.8088883514910221,2.8562317119464584,2.4201184095830808,2.0109149793643093,3.9775477069741916,1.80280930541464,1.7907609668984654,5.001023292766735,1.7496994801006915,3.3025188145748783,2.466103522824904,2.5020355320509675,4.021829958728619,3.823085011102211,5.879984666811158,2.3654599970452166,6.100672368342206,2.226623552191001,3.6923194925765075,2.264363880173848,2.274025791085585,4.36273392120576,1.391301882850513,2.064567692856629,1.6776461624606338,2.2082744135228043,1.6306401200847034,5.43820007457759,1.8981194852189647,2.4428466606606367,12.828420929097334,3.642316888165673,2.235925944853314,1.3519267176156828,1.8848742584689442,2.02595285672885,1.5474626136057954])
================================================================================

================================================================================
Original Text: UNStudio has joined forces with HPP Architects to create a consortium (UNS + HPP) to carry out the n...
TF-IDF Vector: (1000,[2,6,12,24,30,34,39,48,49,53,55,61,67,69,71,85,107,109,116,125,126,159,168,173,197,200,202,210,221,224,228,230,234,242,243,245,250,273,277,285,290,307,311,312,317,323,328,344,355,357,361,365,371,379,380,381,387,388,402,404,405,413,421,422,424,430,440,444,451,454,457,475,488,490,495,499,500,501,506,515,556,562,564,565,575,576,580,585,593,601,602,606,612,648,653,660,662,676,678,680,691,718,734,741,748,752,760,761,762,770,776,782,783,791,792,796,799,804,805,819,824,830,834,837,838,846,848,851,852,855,869,871,872,873,888,889,891,896,917,922,923,926,929,938,939,942,965,968,972,988,989,992,996,998],[2.0567245153956035,2.274025791085585,3.850296315213768,2.02595285672885,1.9320210368946462,1.7326050467413914,2.1638226509519707,1.7382707842770688,1.80280930541464,2.0412203288596382,1.4706754703920253,3.1137932916783084,2.646074902273905,2.264363880173848,2.466103522824904,2.1212630365331746,2.5267281446413388,2.6602595372658615,2.95881830072156,2.172556330920725,2.1296312862036912,2.3548778877146797,1.4322912273837098,1.5288574257747611,1.6204877486206852,2.5649493574615367,2.3869662022661804,2.3761552861619646,2.155164588208856,1.5060773974429411,1.7496994801006915,5.8377304471659395,2.1465808445174646,2.719100037288795,7.619233893479046,7.226835326954866,2.303584593327129,3.0302544659257182,2.217406897086077,2.303584593327129,2.3237873006446486,4.627269858361261,2.5020355320509675,3.1137932916783084,4.416548827045609,1.8088883514910221,1.2016445145663448,2.5408002199629496,1.8914749425002961,1.8783168579227851,3.38763804341247,1.3953260331502384,1.7907609668984654,2.02595285672885,5.209379372222101,2.172556330920725,1.8088883514910221,2.334043800811838,1.8718021769015913,6.401948327656064,1.8653296623959739,1.8783168579227851,2.431417964837014,2.689247074139114,4.0824406577192764,1.552168504643208,1.2992829841302609,1.9459101490553132,1.2992829841302609,3.6177767029820442,2.172556330920725,3.1328410547008194,7.334323856325574,1.7496994801006915,1.8914749425002961,1.8718021769015913,4.310329176417712,1.7847907999119617,1.6670077642555783,2.3548778877146797,2.3869662022661804,4.225928467436959,1.8848742584689442,2.274025791085585,2.274025791085585,1.8848742584689442,2.431417964837014,5.058004558392399,2.0724728723637424,2.3237873006446486,3.2715104415029477,2.1992245780028865,2.0412203288596382,1.9815010941580158,1.5906347854710043,1.336600747137456,1.7157979284250102,2.155164588208856,1.710257748049395,2.02595285672885,1.9048084733697614,2.3444065878473843,1.925148157606884,2.711590388787206,1.693819021706235,2.226623552191001,1.7847907999119617,2.4201184095830808,4.113449030791207,4.129135385713258,2.539306926848199,1.8981194852189647,1.4115865540220187,3.38763804341247,0.9123026906961994,2.02595285672885,2.646074902273905,1.8653296623959739,1.2992829841302609,2.454407483061713,2.155164588208856,2.18136696060288,2.0184056510934667,2.0567245153956035,2.1465808445174646,1.80280930541464,2.5267281446413388,2.5912666657789103,1.7907609668984654,2.5408002199629496,1.8088883514910221,8.568695135839375,2.3654599970452166,1.6617307071547345,2.765620052923688,3.823085011102211,3.3340155285111566,2.5649493574615367,2.172556330920725,2.8231731080440374,1.9115425055511055,2.4428466606606367,1.9599948889370524,2.1902559080201263,1.3793256918037973,1.8461597462882537,2.2547944291576973,4.176946427420368,2.0804410420129194,1.8914749425002961,1.3519267176156828,1.8848742584689442,1.5474626136057954,2.2547944291576973])
================================================================================

================================================================================
Original Text: ▲Students are shouting several slogans to guarantee the school's autonomy in front of Jogyesa Temple...
TF-IDF Vector: (1000,[32,41,73,82,85,91,100,103,110,112,115,121,123,130,141,150,152,166,179,183,203,226,227,229,261,263,282,284,292,303,304,306,311,312,314,319,325,332,337,343,348,353,357,398,420,433,434,447,451,454,465,493,496,497,501,502,504,505,523,534,536,545,556,557,564,569,579,598,602,605,606,618,639,643,644,674,675,678,679,681,700,708,716,752,775,781,787,789,792,796,805,810,817,822,843,844,859,867,871,873,876,881,884,899,921,925,942,959,989,995,997],[2.1129642337184795,2.1212630365331746,1.5808786105256396,2.5912666657789103,2.1212630365331746,7.542916873928345,1.8653296623959739,3.992199787158337,8.043659917457237,1.6154499545907282,1.7047480922384253,2.0109149793643093,2.088473213710184,2.172556330920725,4.688813175694769,2.5912666657789103,4.684941745793256,1.5060773974429411,2.5649493574615367,2.3136349291806306,2.3136349291806306,6.9304201869655655,3.823085011102211,1.8653296623959739,4.795790545596741,1.2049723046590195,4.036811302186933,2.6602595372658615,2.334043800811838,1.6992686264737997,1.6512594072874391,2.334043800811838,2.5020355320509675,1.5568966458391542,2.6046896861110507,1.80280930541464,4.021829958728619,1.7967669909586774,2.5143056246427817,1.8914749425002961,1.4156933359746722,3.123294497195504,1.8783168579227851,1.9960998935791685,2.3237873006446486,1.6883989542368958,1.8335809640813936,1.5760359860498516,2.5985659682605218,1.8088883514910221,2.033557456114069,1.6723128164852714,1.80280930541464,1.9320210368946462,3.5695815998239233,2.1380701548495558,2.1380701548495558,4.242526073066349,1.5808786105256396,2.2082744135228043,4.067114912228138,1.7269712290231354,2.3869662022661804,3.850296315213768,11.309245550813666,1.8273504143307575,2.3869662022661804,6.910753779981388,1.6357552207514738,1.6883989542368958,4.398449156005773,2.883403088580071,4.8402368191661616,2.2837819660309497,1.5955488002734333,1.8088883514910221,2.226623552191001,1.710257748049395,3.4652100934827827,1.3103328203168458,2.646074902273905,1.7729563422649588,1.8335809640813936,2.226623552191001,5.988299680737505,1.7047480922384253,4.036811302186933,2.5649493574615367,0.9123026906961994,2.02595285672885,1.2992829841302609,2.749871695955549,4.451414285501453,2.5912666657789103,5.714425420109285,2.172556330920725,2.719100037288795,2.1902559080201263,1.4281158559732292,3.323461414309469,7.033219763542153,2.0804410420129194,2.7040621599242547,1.925148157606884,2.226623552191001,1.4534336639575192,1.8461597462882537,4.129135385713258,1.3519267176156828,2.02595285672885,2.2837819660309497])
================================================================================

================================================================================
Original Text: Quartz is one of the most common and varied minerals on earth, and its abundant colors produce many ...
TF-IDF Vector: (1000,[2,3,4,6,7,15,16,18,20,22,24,25,31,34,36,40,41,43,46,51,55,59,60,61,68,73,80,85,87,89,96,99,103,111,116,126,127,130,133,136,139,142,148,149,152,154,155,157,158,160,161,165,166,167,168,169,172,173,174,181,185,188,199,204,205,206,214,220,221,222,223,224,225,227,236,237,243,244,249,251,253,257,258,266,275,284,286,287,288,290,291,293,301,302,304,306,308,310,312,316,324,326,328,330,331,332,336,337,341,344,350,353,354,355,361,364,365,366,367,368,369,373,377,382,383,385,392,394,407,408,409,410,413,416,417,422,427,437,438,441,442,443,452,453,462,463,465,470,471,472,475,480,481,494,495,496,502,506,507,513,514,515,516,523,525,527,530,534,544,545,549,551,564,570,573,574,580,583,586,588,589,591,596,597,602,605,608,611,614,621,625,626,627,630,632,633,634,637,644,647,648,657,658,659,660,673,676,688,689,692,693,697,698,699,707,711,719,720,722,723,725,730,737,746,747,749,750,756,762,764,768,779,782,791,792,798,805,806,808,815,816,817,821,827,830,832,837,839,840,841,843,849,852,853,854,867,869,871,880,881,888,890,904,907,908,913,922,923,931,932,935,938,943,944,946,947,948,954,956,958,960,961,962,963,965,967,968,970,977,978,988,990,992,996,997],[4.113449030791207,4.2592625724073825,2.02595285672885,2.274025791085585,10.26154648829637,4.861463245862056,2.1212630365331746,2.5267281446413388,3.642316888165673,5.5384792388647615,2.02595285672885,2.0804410420129194,2.646074902273905,1.7326050467413914,7.617920780544597,8.013920003507165,4.242526073066349,1.646064590410335,2.088473213710184,2.4428466606606367,1.4706754703920253,8.353892854840735,2.2082744135228043,3.1137932916783084,2.5143056246427817,3.161757221051279,7.487208707606365,4.242526073066349,17.68709701248937,3.9630021883160316,2.0965704239428034,4.129135385713258,5.988299680737505,1.7496994801006915,1.47940915036078,2.1296312862036912,2.765620052923688,13.03533798552435,1.039457866181446,6.414210464548667,2.5520459526256287,2.1296312862036912,7.592477940875859,4.752310572323929,15.61647248597752,2.0724728723637424,2.064567692856629,1.689939141255225,5.4084279162439195,9.966354393434198,3.8640420737892924,3.7829498850005923,1.5060773974429411,6.491467952855912,1.4322912273837098,24.680694184747242,9.373695436190879,3.0577148515495223,1.7907609668984654,2.235925944853314,1.9960998935791685,5.239842779246774,2.1212630365331746,2.5780214390288894,8.761023632080505,8.663025233706957,35.55029697587479,2.226623552191001,2.155164588208856,4.545381698888577,2.3444065878473843,1.5060773974429411,2.4201184095830808,1.9115425055511055,2.064567692856629,2.5143056246427817,5.714425420109285,2.1902559080201263,1.8273504143307575,2.646074902273905,3.9342247134118327,2.033557456114069,8.353892854840735,6.193703078569888,1.7670912228125608,21.282076298126892,1.8398505770949891,1.6104374127671839,5.482051242992273,2.3237873006446486,4.730919994090433,2.0109149793643093,1.9183221925364842,2.3869662022661804,3.3025188145748783,2.334043800811838,2.2082744135228043,7.04504121000707,1.5568966458391542,6.032744938092928,10.418758744444203,4.0519057134577,1.2016445145663448,2.062037995071163,13.749358479777744,16.170902918628098,8.943703779413257,7.542916873928345,16.055439837317728,2.5408002199629496,10.322838464283146,1.561647248597752,9.436512038097849,7.5658997700011845,3.38763804341247,6.414210464548667,2.790652066300477,4.490631370406307,3.5341824456251216,2.226623552191001,4.932207045649808,3.823085011102211,2.1992245780028865,22.973205350812023,1.9742808461845287,6.032744938092928,5.557526921900737,2.0965704239428034,6.414210464548667,2.1380701548495558,4.327645301903941,2.6320886602991656,1.8783168579227851,1.8653296623959739,2.0567245153956035,5.378494148278228,11.468171312369806,3.3129627025371815,2.4899141715186226,15.012213192305804,1.5151272329628591,3.9342247134118327,4.242526073066349,7.926004376632063,6.241323126038758,2.293634262473961,2.033557456114069,2.1296312862036912,2.3978952727983707,2.539306926848199,1.5664205273504097,3.8366443850729683,1.8718021769015913,4.9226898607556775,1.8914749425002961,1.80280930541464,2.1380701548495558,1.6670077642555783,1.9183221925364842,3.642316888165673,4.490631370406307,4.709755775429359,2.0109149793643093,1.5808786105256396,1.1786549963416462,5.828757957528692,2.3978952727983707,2.2082744135228043,2.466103522824904,1.7269712290231354,5.499743391911098,14.619312495971286,1.8848742584689442,3.058607177605162,2.2837819660309497,23.062274663370836,4.862835929674028,3.1245651453969594,9.59161096268242,4.2592625724073825,13.16851672328268,6.28971127182841,16.26845964891255,4.0519057134577,1.6357552207514738,13.507191633895166,2.646074902273905,9.07502289254229,1.8211584440828366,12.777787717222147,5.0286112492855635,4.242526073066349,2.033557456114069,2.454407483061713,2.2837819660309497,2.1992245780028865,1.80280930541464,2.104733734581964,3.1910976005468665,5.922842538553586,7.926004376632063,5.5384792388647615,2.646074902273905,1.8981194852189647,2.673201494274912,3.7566337158455703,2.155164588208856,28.00852560974206,6.491467952855912,4.587268524947922,4.491326182380542,6.0552169532804,1.9599948889370524,4.528727760347696,2.0965704239428034,2.334043800811838,2.2453156852031535,18.1656508598412,2.334043800811838,1.9960998935791685,3.992199787158337,2.3548778877146797,9.136752071653788,2.749871695955549,2.7343675094195836,2.5267281446413388,1.4198170531585343,13.19411980928261,6.170173546186811,7.880179930249258,17.3804506473658,1.355795194393603,3.7962389704379293,1.693819021706235,10.035329597658194,1.8783168579227851,1.2992829841302609,2.1902559080201263,1.7269712290231354,0.8780695190539572,99.47869787345964,1.483804761833818,5.283780907505302,15.331791356140883,4.36273392120576,13.821507559962775,2.0567245153956035,2.7978809151419095,3.7566337158455703,12.482646252077515,7.619233893479046,2.235925944853314,1.7907609668984654,1.4406946381800894,3.9058554434279196,2.1902559080201263,5.426665054473066,1.4281158559732292,2.235925944853314,8.321764168051677,5.531240105847376,7.09637999113565,1.5760359860498516,5.078613853696398,5.876925731526198,4.953778221862318,1.4115865540220187,7.646170022204422,1.600487081914016,2.264363880173848,3.919989777874105,10.951279540100632,1.80280930541464,4.0824406577192764,3.123294497195504,1.80280930541464,3.593533981917355,12.696534634240994,4.862835929674028,1.391301882850513,3.3552923249212676,6.624823240568412,4.416548827045609,1.9887738534870958,2.2547944291576973,4.259451159475603,4.176946427420368,8.943703779413257,2.9014215940827497,4.885693321321273,9.45737471250148,15.79424676947623,3.7697485169378884,1.5474626136057954,2.2837819660309497])
================================================================================

